// GAMEBOY PRINTER Packet Capture V3 (Brian Khuu 2020)
// Note: Each byte is from each GBP packet is from the gameboy
//       except for the last two bytes which is from the printer
// JS Raw Packet Decoder: https://mofosyne.github.io/arduino-gameboy-printer-emulator/GameBoyPrinterDecoderJS/gameboy_printer_js_raw_decoder.html
// --- GNU GENERAL PUBLIC LICENSE Version 3, 29 June 2007 ---
// This program comes with ABSOLUTELY NO WARRANTY;
// This is free software, and you are welcome to redistribute it
// under certain conditions. Refer to LICENSE file for detail.
// ---
88 33 01 00 00 00 01 00 81 00

// Timed Out (Memory Waterline: 6B out of 650B)
88 33 01 00 00 00 01 00 81 00
88 33 0F 00 00 00 0F 00 81 00
88 33 04 00 80 02 00 00 00 00 00 00 00 00 00 00 00 00 00 00 00 00 00 00 00 00 00 00 00 00 00 00 00 00 00 00 00 00 00 00 00 00 00 00 00 00 00 00 00 00 00 00 00 00 00 00 00 00 00 00 00 00 00 00 00 00 00 00 00 00 00 00 00 00 00 00 00 00 00 00 00 00 00 00 00 00 00 00 00 00 00 00 00 00 00 00 00 00 00 00 00 00 00 00 00 00 00 00 00 00 00 00 00 00 00 00 00 00 00 00 00 00 00 00 00 00 00 00 00 00 00 00 00 00 00 00 00 00 00 00 00 00 00 00 00 00 00 00 00 00 00 00 00 00 00 00 00 00 00 00 00 00 00 00 00 00 00 00 00 00 00 00 00 00 00 00 00 00 00 00 00 00 00 00 00 00 00 00 00 00 00 00 00 00 00 00 00 00 00 00 00 00 00 00 00 00 00 00 00 00 00 00 00 00 00 00 00 00 00 00 00 00 00 00 00 00 00 00 00 00 00 00 00 00 00 00 00 00 00 00 00 00 00 00 00 00 00 00 00 00 00 00 00 00 00 00 00 00 00 00 00 00 00 00 00 00 00 00 00 00 00 00 00 00 00 00 00 00 00 00 00 00 00 00 00 00 00 00 00 00 00 00 00 00 00 00 00 00 00 00 00 00 00 00 00 00 00 00 00 00 00 00 00 00 00 00 00 00 00 00 00 00 00 00 00 00 00 00 00 00 00 00 00 00 00 00 00 00 00 00 00 00 00 00 00 00 00 00 00 00 00 00 00 00 00 00 00 00 00 00 00 00 00 00 00 00 00 00 00 00 00 00 00 00 00 00 00 00 00 00 00 00 00 00 00 00 00 00 00 00 00 00 00 00 00 00 00 00 00 00 00 00 00 00 00 00 00 00 00 00 00 00 00 00 00 00 00 00 00 00 00 00 00 00 00 00 00 00 00 00 00 00 00 00 00 00 00 00 00 00 00 00 00 00 00 00 00 00 00 00 00 00 00 00 00 00 00 00 00 00 00 00 00 00 00 00 00 00 00 00 00 00 00 00 00 00 00 00 00 00 00 00 00 00 00 00 00 00 00 00 00 00 00 00 00 00 00 00 00 00 00 00 00 00 00 00 00 00 00 00 00 00 00 00 00 00 00 00 00 00 00 00 00 00 00 00 00 00 00 00 00 00 00 00 00 00 00 00 00 00 00 00 00 00 00 00 00 00 00 00 00 00 00 00 00 00 00 00 00 00 00 00 00 00 00 00 00 00 00 00 00 00 00 00 00 00 00 00 00 00 00 00 00 00 00 00 00 00 00 00 00 00 00 00 00 00 00 00 00 00 00 00 00 00 00 00 00 00 00 00 00 00 00 00 00 00 00 00 00 00 00 00 00 00 00 00 00 00 00 00 00 00 00 00 00 00 00 00 00 00 00 00 00 00 00 00 86 00 81 00
88 33 04 00 80 02 00 00 00 00 00 00 00 00 00 00 00 00 00 00 00 00 00 00 00 00 00 00 00 00 00 00 00 00 00 00 00 00 00 00 00 00 00 00 00 00 00 00 00 00 00 00 00 00 00 00 00 00 00 00 00 00 00 00 00 00 00 00 00 00 00 00 00 00 00 00 00 00 00 00 00 00 00 00 00 00 00 00 00 00 00 00 00 00 00 00 00 00 00 00 00 00 00 00 00 00 00 00 00 00 00 00 00 00 00 00 00 00 00 00 00 00 00 00 00 00 00 00 00 00 00 00 00 00 00 00 00 00 00 00 00 00 00 00 00 00 00 00 00 00 00 00 00 00 00 00 00 00 00 00 00 00 00 00 00 00 00 00 00 00 00 00 00 00 00 00 00 00 00 00 00 00 00 00 00 00 00 00 00 00 00 00 00 00 00 00 00 00 00 00 00 00 00 00 00 00 00 00 00 00 00 00 00 00 00 00 00 00 00 00 00 00 00 00 00 00 00 00 00 00 00 00 00 00 00 00 00 00 00 00 00 00 00 00 00 00 00 00 00 00 00 00 00 00 00 00 00 00 00 00 00 00 00 00 00 00 00 00 00 00 00 00 00 00 00 00 00 00 00 00 00 00 00 00 00 00 00 00 00 00 00 00 00 00 00 00 00 00 00 00 00 00 00 00 00 00 00 00 00 00 00 00 00 00 00 00 00 00 00 00 00 00 00 00 00 00 00 00 00 00 00 00 00 00 00 00 00 00 00 00 00 00 00 00 00 00 00 00 00 00 00 00 00 00 00 00 00 00 00 00 00 00 00 00 00 00 00 00 00 00 00 00 00 00 00 00 00 00 00 00 00 00 00 00 00 00 00 00 00 00 00 00 00 00 00 00 00 00 00 00 00 00 00 00 00 00 00 00 00 00 00 00 00 00 00 00 00 00 00 00 00 00 00 00 00 00 00 00 00 00 00 00 00 00 00 00 00 00 00 00 00 00 00 00 00 00 00 00 00 00 00 00 00 00 00 00 00 00 00 00 00 00 00 00 00 00 00 00 00 00 00 00 00 00 00 00 00 00 00 00 00 00 00 00 00 00 00 00 00 00 00 00 00 00 00 00 00 00 00 00 00 00 00 00 00 00 00 00 00 00 00 00 00 00 00 00 00 00 00 00 00 00 00 00 00 00 00 00 00 00 00 00 00 00 00 00 00 00 00 00 00 00 00 00 00 00 00 00 00 00 00 00 00 00 00 00 00 00 00 00 00 00 00 00 00 00 00 00 00 00 00 00 00 00 00 00 00 00 00 00 00 00 00 00 00 00 00 00 00 00 00 00 00 00 00 00 00 00 00 00 00 00 00 00 00 00 00 00 00 00 00 00 00 00 00 00 00 00 00 00 00 00 00 00 00 00 00 00 00 00 00 00 00 00 00 00 00 00 00 00 00 00 00 00 00 00 86 00 81 08
88 33 04 00 80 02 00 00 00 00 00 00 00 00 00 00 00 00 00 00 00 00 00 10 10 1F 14 1F 0F 1F 1F 1F 0B 1F 16 01 0E 1F 00 00 C0 00 A6 F8 DA FC F2 FC 72 FC DC FA 3C FE 01 02 08 07 0E 0F 1C 0F 1D 1F 1B 1F 0C 1F 18 3C 00 00 00 E0 C8 F0 D8 F0 FD F0 F5 F8 3F F8 28 1E 00 00 10 10 04 18 1C 12 0B 1C 15 1E 0E 1F 07 1F 00 00 00 00 00 00 00 00 00 00 00 80 D0 A0 18 E0 00 00 00 00 00 00 00 00 00 00 00 00 00 00 00 00 00 00 00 00 00 00 00 00 00 00 00 00 00 00 00 00 00 00 00 00 00 00 00 00 00 00 00 00 00 00 00 00 00 00 00 00 00 00 00 00 00 00 00 00 00 00 00 00 00 00 00 00 00 00 00 00 00 00 00 00 00 00 00 00 00 00 00 00 00 00 00 00 00 00 00 00 00 00 00 00 00 00 00 00 00 00 00 00 00 00 00 00 00 00 00 00 00 00 00 00 00 00 00 00 00 00 00 00 00 00 00 00 00 00 00 00 00 00 00 00 00 00 00 00 00 00 00 00 00 00 00 00 00 00 00 00 00 00 00 00 00 00 00 00 00 00 00 00 00 00 00 00 00 00 00 00 00 00 00 00 00 00 00 00 00 00 00 00 00 00 00 00 00 00 00 00 00 00 00 00 00 00 00 00 00 00 00 00 00 00 00 00 00 00 00 00 00 00 00 00 00 00 00 00 00 00 00 00 11 1F 1F 1E 09 1E 1F 1F 1F 1F 00 11 00 1F 10 1F FA FC D1 20 41 80 01 F0 95 E8 F2 FD 3A FD 32 FD 10 3C 3C 38 1C 38 1E 38 0A 1C 0F 1E 1E 0F 07 0F 18 1E 09 1E 1D 1E 2B 1C 5B 3C 78 FD C0 FD B8 F9 05 0F 03 03 02 03 01 03 0F 03 1E 03 16 1F 0C 1F 58 F4 77 F8 73 FC 5C FA FC 7A C8 FE DC FE FB FC 00 00 00 00 00 00 00 00 00 00 00 00 00 00 00 00 00 00 00 00 00 00 00 00 00 00 00 00 00 00 00 00 00 00 00 00 00 00 00 00 00 00 00 00 00 00 00 00 00 00 00 00 00 00 00 00 00 00 00 00 00 00 00 00 00 00 00 00 00 00 00 00 00 00 00 00 00 00 00 00 00 00 00 00 00 00 00 00 00 00 00 00 00 00 00 00 00 00 00 00 00 00 00 00 00 00 00 00 00 00 00 00 00 00 00 00 00 00 00 00 00 00 00 00 00 00 00 00 00 00 00 00 00 00 00 00 00 00 00 00 00 00 00 00 00 00 00 00 00 00 00 00 00 00 00 00 00 00 00 00 00 00 00 00 00 00 00 00 00 00 00 00 00 00 00 00 00 00 00 00 00 00 00 00 00 00 00 00 00 00 00 00 00 00 00 00 00 00 00 00 00 00 00 00 00 00 00 00 ED 3C 81 08
88 33 04 00 80 02 00 00 00 00 00 00 00 00 00 00 00 00 00 00 00 00 16 1F 0F 1F 01 10 01 1E 10 1F 15 1F 0B 1F 1B 1F AB FC FB FC 65 FE 80 00 22 FC C6 F8 53 FC AD FA 0F 0F 0B 07 00 11 10 1F 0B 1F 1B 1F 0F 1F 1F 1F D9 F0 F1 F0 C1 E0 9B FC 23 FC 5B FC A3 FC FB FC 15 1F 1B 1F 1C 1E 00 18 06 00 0E 11 13 1F 08 1F E1 F0 A1 C0 18 01 D3 0C 9A 7D F2 FD CC FB FC FF 00 00 00 00 00 00 00 00 00 00 00 00 00 00 00 00 00 00 00 00 00 00 00 00 00 00 00 00 00 00 00 00 00 00 00 00 00 00 00 00 00 00 00 00 00 00 00 00 00 00 00 00 00 00 00 00 00 00 00 00 00 00 00 00 00 00 00 00 00 00 00 00 00 00 00 00 00 00 00 00 00 00 00 00 00 00 00 00 00 00 00 00 00 00 00 00 00 00 00 00 00 00 00 00 00 00 00 00 00 00 00 00 00 00 00 00 00 00 00 00 00 00 00 00 00 00 00 00 00 00 00 00 00 00 00 00 00 00 00 00 00 00 00 00 00 00 00 00 00 00 00 00 00 00 00 00 00 00 00 00 00 00 00 00 00 00 00 00 00 00 00 00 00 00 00 00 00 00 00 00 00 00 00 00 00 00 00 00 00 00 00 00 00 00 00 00 00 00 00 00 00 00 00 00 00 00 00 00 00 00 00 00 00 00 00 00 00 00 00 00 00 00 00 00 1B 1D 17 19 13 1D 09 1D 17 19 19 1D 1D 1F 00 10 BD DA 8B DC 9A DD 8A DD 9A DD 8C DB 0C DF 0D 1E 01 01 01 01 01 01 01 01 01 01 00 01 00 00 00 00 8B DC 9A DD 8B DC DA 9D CA DD 9C DF 09 1E 01 00 15 1F 1B 1E 0C 1F 1E 1F 0F 1F 0C 01 08 17 1D 1F D0 F9 01 00 01 E0 CD B0 D3 FC 61 FE FB FC C3 FC 00 00 00 00 00 00 00 00 00 00 00 00 00 00 00 00 00 00 00 00 00 00 00 00 00 00 00 00 00 00 00 00 00 00 00 00 00 00 00 00 00 00 00 00 00 00 00 00 00 00 00 00 00 00 00 00 00 00 00 00 00 00 00 00 00 00 00 00 00 00 00 00 00 00 00 00 00 00 00 00 00 00 00 00 00 00 00 00 00 00 00 00 00 00 00 00 00 00 00 00 00 00 00 00 00 00 00 00 00 00 00 00 00 00 00 00 00 00 00 00 00 00 00 00 00 00 00 00 00 00 00 00 00 00 00 00 00 00 00 00 00 00 00 00 00 00 00 00 00 00 00 00 00 00 00 00 00 00 00 00 00 00 00 00 00 00 00 00 00 00 00 00 00 00 00 00 00 00 00 00 00 00 00 00 00 00 00 00 00 00 00 00 00 00 00 00 00 00 00 00 00 00 00 00 00 00 00 00 59 48 81 08
88 33 04 00 80 02 00 00 00 00 00 00 00 00 00 00 00 00 00 00 00 00 10 1F 00 1F 1B 1F 1F 1F 0F 1F 02 1F 07 09 03 1F FD 00 5B FC A2 FC FA FC FC FA 2B BC 9D 9A CB 9C 00 00 00 00 00 00 00 00 00 00 00 00 00 00 00 00 00 00 00 00 00 00 00 00 00 00 00 00 00 00 00 00 0B 1F 13 1F 1D 1E 0A 1F 1E 1F 1F 1F 05 17 10 11 3D FE FD FE 81 00 11 E0 AC D0 B3 FC E3 FC FD FA 00 00 00 00 00 00 00 00 00 00 00 00 00 00 00 00 30 00 73 0C C0 3F 50 3F 50 3F 48 3F 30 0F 04 03 00 00 F8 00 00 FE 00 FE 00 FE 00 FE 10 EE 10 EE 00 00 00 00 00 00 00 00 00 00 00 00 00 00 00 00 00 00 00 00 00 00 00 00 00 00 00 00 00 00 00 00 80 00 A0 C0 D8 B0 AE DC B7 CF A1 DF 86 FF 86 FF 00 00 00 00 00 00 00 00 00 00 80 80 C0 C0 F8 F8 00 00 00 00 00 00 00 00 00 00 00 00 00 00 00 00 00 00 00 00 00 00 00 00 00 00 00 00 00 00 00 00 00 00 00 00 00 00 00 00 00 00 00 00 00 00 00 00 00 00 00 00 00 00 00 00 00 00 00 00 00 00 00 00 00 00 00 00 00 00 00 00 00 00 00 00 00 00 00 00 00 00 00 00 00 00 00 00 00 00 00 00 00 00 00 00 00 00 00 00 00 00 00 00 00 00 00 00 00 00 00 00 1C 1F 15 1F 17 1F 1F 1E 00 1C 10 10 18 1F 1B 1F 4D 9A 8B FC E3 FC 7B FC F9 FC 39 70 15 E8 23 FC 00 00 00 00 00 00 00 00 00 00 00 00 00 00 00 00 00 00 00 00 00 00 00 00 00 00 00 00 00 00 00 00 1A 14 0B 1C 15 1E 1F 1F 0E 1F 07 1F 03 03 02 03 5D 3E 09 0E 01 80 A1 40 D0 A0 19 E0 66 F8 73 FC 00 00 00 00 00 00 00 00 00 00 00 00 00 00 00 00 01 03 21 00 30 00 40 3F C0 3F E0 3F 44 3F 41 3E 10 EE F8 06 08 06 00 FE 00 FE 00 FE EC 12 00 00 00 00 00 00 00 00 00 00 00 00 00 00 00 00 00 00 00 00 00 00 00 00 00 00 00 00 00 00 00 00 00 00 EF FF 9B FF FE F9 9B FC DB FC 9B FC 89 FE 8B FC FD FC FE FF FF FF 7F FF BE 7F F7 0F FD 03 FE 01 00 00 80 00 A0 C0 E0 E0 E0 F8 FE FF FB FF 7F FF 00 00 00 00 00 00 00 00 00 00 00 00 00 80 C0 E0 00 00 00 00 00 00 00 00 00 00 00 00 00 00 00 00 00 00 00 00 00 00 00 00 00 00 00 00 00 00 00 00 00 00 00 00 00 00 00 00 00 00 00 00 00 00 00 00 00 00 00 00 00 00 00 00 00 00 00 00 00 00 00 00 0C 79 81 08
88 33 04 00 80 02 00 00 00 00 00 00 00 00 00 00 00 00 00 00 00 00 0B 1F 1F 1F 0F 1F 1B 1F 00 00 00 00 00 10 0E 10 23 FC FD FA FD FE 23 FC 0F 18 1B 1C 0B 1C 0B 1C 00 00 00 00 00 00 00 00 00 00 00 00 00 00 00 00 00 00 00 00 00 00 00 00 00 00 00 00 00 00 00 00 01 03 02 03 0F 03 17 1F 0C 1F 14 1F 15 1F 1F 1F 7C FA 93 3C FD 7A 5F FC FB FC E1 F0 A1 C0 81 00 00 00 00 00 00 00 00 00 00 00 00 00 00 00 00 00 30 0F 30 0F 00 3F 40 3F 62 3C A0 7C 10 7C 91 7C 00 F8 00 F8 00 FC 00 FC 80 7E 31 1E 89 1E 31 CE 00 00 00 00 00 00 00 00 00 00 00 00 00 00 00 00 00 00 00 00 00 00 00 00 00 00 00 00 00 00 00 00 DB FC 8B FC 9B FC FB FC 9B FC FB FC 9D FE BB FF FF 00 FE 01 FF 00 FF 00 FF 00 DF 20 F7 08 86 F9 9F 7F FF 1F BD 43 7E 81 FF 00 BF 40 7F 80 FF 00 E0 F0 F8 F8 FF FF FF FF 7F FF DF 3F 67 9F 7C 83 00 00 00 00 00 80 A0 C0 F0 E0 F8 F0 EA FC FB FF 00 00 00 00 00 00 00 00 00 00 00 00 00 00 40 80 00 00 00 00 00 00 00 00 00 00 00 00 00 00 00 00 00 00 00 00 00 00 00 00 00 00 00 00 00 00 00 00 00 00 00 00 00 00 00 00 00 00 00 00 00 00 00 00 14 1F 0B 1F 1B 1F 0F 1F 17 1F 03 01 00 00 00 00 8B FC 0B FC 23 FC FB FC FD FA 2B FC 1B 1C 1D 1E 00 00 00 00 00 00 00 00 00 00 00 00 00 00 00 00 00 00 00 00 00 00 00 00 00 00 00 00 00 00 00 00 00 18 00 1F 1B 1F 0B 1F 1F 1F 0F 1F 02 1F 03 1F 00 00 22 FC DA FC 22 FC FA FC FA FC 2A BC CA 9C 00 00 00 00 00 00 00 00 00 00 00 00 00 00 00 00 20 7F 20 7F 50 3F 41 3E 40 3F D0 3F D0 3F E0 3F 21 CE 20 CE 00 EE A8 40 FE 00 00 FE 00 FE 00 FE 00 00 00 00 00 00 00 00 00 00 00 00 00 00 00 00 00 00 00 00 00 00 00 00 00 00 00 00 00 00 00 00 4F FF B5 7F 3B 1F 0F 1F 0D 1F 0E 1F 0F 1F AE 1F CF F0 CF F0 EF F0 CE F1 C7 F8 CF F0 CF F0 CE F1 BF 40 FF 00 BF 40 FF 00 BF 40 FB 1C 7C 9F FF 1F FE 01 FD 02 7E 81 FD 02 FA 05 FE 01 7D 82 7F 80 7E FF 9F 7F 6F 9F B7 4F 7D 83 FF 00 7F 80 FF 00 E0 C0 F8 F0 6C F8 A7 FE E3 FE 3F FE DF 3E DF 3E 00 00 00 00 00 00 00 00 00 00 00 00 00 00 00 00 00 00 00 00 00 00 00 00 00 00 00 00 00 00 00 00 87 AF 81 08
88 33 04 00 80 02 00 00 00 00 00 00 00 00 00 00 00 00 00 00 00 00 00 00 00 00 00 00 00 00 00 00 00 00 00 00 00 00 00 00 00 00 00 00 00 00 00 00 00 00 00 00 00 00 00 00 00 00 00 00 00 00 00 00 00 00 00 00 00 00 00 00 00 00 00 00 00 00 00 00 00 00 00 00 00 00 1C 1F 0B 1F 15 1F 17 1F 00 1C 10 10 00 10 11 1E 4B 9C ED 9A 83 FC EB FC F8 FD 74 79 10 01 1C E1 00 00 00 00 00 00 00 00 00 00 00 00 00 00 00 00 4F 3F 63 1F 15 03 32 01 71 00 C0 3F 50 3F D0 3F 18 E6 0C E0 00 E0 00 E0 00 E0 00 FE 00 FE 00 FE 00 00 00 00 00 00 00 00 00 00 00 00 00 00 00 00 00 00 00 00 00 00 00 00 00 00 00 00 00 00 00 00 FB FF BE FF 9F FF BF FF 99 FE BB FC 9B FC 9B FC CF F0 CF F0 CF F0 9F E0 FF 00 FF 00 FF 00 FF 00 FF 1F 7F 9F 77 88 FF 00 7F 80 FF 00 FF 00 FF 00 8D F2 E7 F8 FB 04 FF 00 FD 02 FF 00 FB 04 FE 01 FF 00 FF 00 FF 00 FF 00 FF 00 FF 00 FF 00 FF 00 DF 3E DF 3E DF 3E DF 3E DF 3E DF 3E DF 3E FF 1E 00 00 00 00 00 00 00 00 00 00 00 00 00 00 00 00 00 00 00 00 00 00 00 00 00 00 00 00 00 00 00 00 00 00 00 00 00 00 00 00 00 00 00 00 00 00 00 00 00 00 00 00 00 00 00 00 00 00 00 00 00 00 00 00 00 00 00 00 00 00 00 00 00 00 00 00 00 00 00 00 00 00 00 00 00 00 00 00 00 00 00 00 00 00 00 00 00 00 00 00 00 00 00 00 00 00 00 00 00 00 00 00 10 1F 0A 1F 1B 1F 09 1F 13 1D 1C 18 0E 18 1E 18 02 FD BB FC FD FA FB FC 2A FC 1C 1A 0A 1C 1C 1A 00 00 00 00 00 00 00 00 00 00 00 00 00 00 00 00 50 3F 23 1C 30 00 B8 00 40 3F C0 3F E0 3F 52 3F 00 FE 18 FE 00 1E 18 06 00 FE 00 FE 00 FE 00 FE 00 00 00 00 00 00 00 00 00 00 00 00 00 00 00 00 00 00 00 00 00 00 00 00 00 00 00 00 00 00 00 00 FB FC B9 FE DB FC FB FC DB FC DB FC FF F8 BF F8 FF 00 FF 00 FF 00 FF 00 BF 40 FF 00 F8 07 3F FF 7F 80 FF 00 7F 80 FF 00 7F 80 47 BF FF FF FF FF 7F 80 FD 02 FA 05 7F 80 F9 07 FF FF FF FF FF FF 7F 80 FF 00 FF 00 B3 4F 7F FF A0 FF E0 FF 67 FF DF 3E FF 1E 37 FE EF FE D7 FE A7 FE FF FE FC E2 00 00 00 00 00 00 00 00 00 00 00 00 00 00 00 00 00 00 00 00 00 00 00 00 00 00 00 00 00 00 00 00 4C AA 81 0C
88 33 04 00 80 02 00 00 00 00 00 00 00 00 00 00 00 00 00 00 00 00 00 00 00 00 00 00 00 00 00 00 00 00 00 00 00 00 00 00 00 00 00 00 00 00 00 00 00 00 00 00 00 00 00 00 00 00 00 00 00 00 00 00 00 00 00 00 00 00 00 00 00 00 00 00 00 00 00 00 00 00 00 00 00 00 1F 1C 0D 1E 1F 1F 0E 0F 07 0F 07 03 01 00 00 00 B9 1E 32 FC CA FC 30 FC AC F8 D0 F0 00 C0 00 00 00 00 00 00 00 00 00 00 00 00 00 00 00 00 00 00 30 0F 00 00 10 00 63 1C 40 3F E0 3F 10 7F 92 7D 08 FE 20 1E 00 1E 80 00 00 FE 00 FE 00 FE 00 FE 00 00 00 00 00 00 00 00 00 00 00 00 00 00 00 00 00 00 00 00 00 00 00 00 00 00 00 00 00 00 00 00 FB FF BF FF BF FF F7 FF DF FF EE FF FE FF FD 7E FE FF FE F9 BE C1 7F 80 DF 20 FF 00 DF 20 DF 20 9F FF FF 1F FF 1F FF 1F 7F 9F FF 1F 7F 9F 7F 9F FF FF FE FF FF FF FF FF F7 F8 FF C0 FF 80 FF 00 FF FC F5 FF F4 FF FE FF FF 1F FF 07 FF 03 FF 00 F8 00 F8 00 78 80 58 E0 A8 F0 A8 F0 D0 F8 D8 F8 00 00 00 00 00 00 00 00 00 00 00 00 00 00 00 00 00 00 00 00 00 00 00 00 00 00 00 00 00 00 00 00 00 00 00 00 00 00 00 00 00 00 00 00 00 00 00 00 00 00 00 00 00 00 00 00 00 00 00 00 00 00 00 00 00 00 00 00 00 00 00 00 00 00 00 00 00 00 00 00 00 00 00 00 00 00 00 00 00 00 00 00 00 00 00 00 00 00 00 00 00 00 00 00 00 00 00 00 00 00 00 00 00 00 00 00 00 00 00 00 00 00 00 00 00 00 00 00 00 00 00 00 00 00 00 00 00 00 00 00 00 00 00 00 00 00 00 00 00 00 00 00 00 00 00 00 00 00 00 00 10 7D 20 7D 20 7D 51 3C 52 3C C8 30 43 3C 50 3F 10 EE 10 EE 10 EE 10 EE 50 0E 1E 00 FE 00 00 FE 00 00 00 00 00 00 00 00 00 00 00 00 00 00 00 00 00 00 00 00 00 00 00 00 00 00 00 00 00 00 00 00 79 FE FB FC 7B FC B3 FC B3 FC 77 F8 F3 FC B7 F8 DF 20 DF 20 DF 20 DF 20 ED 13 DB 27 FB 07 FB 07 FE 1F FD 1E FD 1E FB 1C FB FC F7 F8 F3 FC F7 F8 FB 04 FF 00 FB 04 FF 00 FF 00 FF 00 FF 00 FE 01 FF 00 FF 00 FF 00 FF 00 FF 00 FF 00 FF 00 3F C0 F0 FC 5C F8 F6 7C FE 3C DF 3E DF 3E FF 1E FB 1E 00 00 00 00 00 00 00 00 00 00 00 00 00 00 00 00 00 00 00 00 00 00 00 00 00 00 00 00 00 00 00 00 27 A3 81 0C
88 33 04 00 80 02 00 00 00 00 00 00 00 00 00 00 00 00 00 00 00 00 00 00 00 00 00 00 00 00 00 00 00 00 00 00 00 00 00 00 00 00 00 00 00 00 00 00 00 00 00 00 00 00 00 00 00 00 00 00 00 00 00 00 00 00 00 00 00 00 00 00 00 00 00 00 00 00 00 00 00 00 00 00 00 00 00 00 00 00 00 00 00 00 00 00 00 00 00 00 00 00 00 00 00 00 00 00 00 00 00 00 00 00 00 00 00 00 00 00 00 00 00 00 00 00 00 00 00 00 00 00 00 00 C0 3F 44 3F 41 3E 3E 01 60 1F 40 3F 40 3F C0 3F 00 FE 00 FE A0 1E 18 C6 28 C6 10 EE 00 FE 82 FC 00 00 00 00 00 00 00 00 00 00 00 00 00 00 00 00 00 00 00 00 00 00 00 00 00 00 00 00 00 00 00 00 73 FC B3 FC B3 FC 73 FC D7 F8 BB FC 79 FE 99 FE FF 07 FA 07 FB 07 FF 03 FD 03 FE 01 FF 00 FF 00 E7 F8 E7 F8 EF F0 EF F0 DF E0 3F C0 FF 00 FF 00 FD 03 FF 03 FB 07 FF 07 FF 07 FF 07 FF 07 FF 06 DF E0 DF E0 FF E0 FF E0 CF F0 DF E0 DF E0 FF 00 EF 1E EF 1E EF 1E FF 0E EF 1E FF 0E EB 1E EB 1E 00 00 00 00 00 00 00 00 00 00 00 00 00 00 00 00 00 00 00 00 00 00 00 00 00 00 00 00 00 00 00 00 00 00 00 00 00 00 00 00 00 00 00 00 00 00 00 00 00 00 00 00 00 00 00 00 00 00 00 00 00 00 00 00 00 00 00 00 00 00 00 00 00 00 00 00 00 00 00 00 00 00 00 00 00 00 00 00 00 00 00 00 00 00 00 00 00 00 00 00 00 00 00 00 00 00 00 00 00 00 00 00 00 00 00 00 00 00 00 00 00 00 00 00 00 00 00 00 00 00 00 00 00 00 00 00 00 00 00 00 00 00 00 00 00 00 00 00 00 00 00 00 00 00 00 00 00 00 00 00 42 3D 2F 10 00 00 00 00 00 00 00 00 00 00 00 00 40 FC 24 F8 38 00 00 00 00 00 00 00 00 00 00 00 00 00 00 00 00 00 00 00 00 00 00 00 00 00 00 00 00 00 00 00 00 00 00 00 00 00 00 00 00 00 00 00 FF 7C CE 7F DE 7F 67 3F 25 9F 7B FF 0E FF 0B FF FF 00 FF 00 FF 00 FE 01 7F 80 BF C0 FF E0 F7 F8 FF 00 7F 80 FF 00 FF 00 7F 80 FF 00 BF 40 FE 01 F5 0E FF 0E ED 1E FC 1F FC 3F F7 7E 5C FF B7 FE FF 00 FF 00 FF 00 FF 00 FF 00 FF 00 FF 00 FF 00 F7 1E FF 1E DE 3C DE 3C BC 7E 6F FE FF FE EF FE 00 00 00 00 00 00 00 00 00 00 00 00 00 00 00 00 00 00 00 00 00 00 00 00 00 00 00 00 00 00 00 00 DE 87 81 0C
88 33 04 00 00 00 04 00 81 0C
88 33 02 00 04 00 01 10 E4 80 7B 01 81 04
88 33 0F 00 00 00 0F 00 81 04
88 33 0F 00 00 00 0F 00 81 04
88 33 0F 00 00 00 0F 00 81 06
88 33 0F 00 00 00 0F 00 81 06
88 33 0F 00 00 00 0F 00 81 06
88 33 0F 00 00 00 0F 00 81 04
88 33 0F 00 00 00 0F 00 81 00
88 33 0F 00 00 00 0F 00 81 00
88 33 0F 00 00 00 0F 00 81 00
88 33 0F 00 00 00 0F 00 81 00

// Timed Out (Memory Waterline: 6B out of 650B)
88 33 01 00 00 00 01 00 81 00
88 33 0F 00 00 00 0F 00 81 00
88 33 04 00 80 02 00 00 00 00 00 00 00 00 00 00 00 00 00 00 00 00 00 00 00 00 00 00 00 00 00 00 00 00 00 00 00 00 00 00 00 00 00 00 00 00 00 00 00 00 00 00 00 00 00 00 00 00 00 00 00 00 00 00 00 00 00 00 00 00 00 00 00 00 00 00 00 00 00 00 00 00 00 00 00 00 00 00 00 00 00 00 00 00 00 00 00 00 00 00 00 00 00 00 00 00 00 00 00 00 00 00 00 00 00 00 00 00 00 00 00 00 00 00 00 00 00 00 00 00 00 00 00 00 00 00 00 00 00 00 00 00 00 00 00 00 00 00 00 00 00 00 00 00 00 00 00 00 00 00 00 00 00 00 00 00 00 00 00 00 00 00 00 00 00 00 00 00 00 00 00 00 00 00 00 00 00 00 00 00 00 00 00 00 00 00 00 00 17 FF 2A FF 5F FF 08 FF B8 7F 19 FE 98 7F 19 FE 7C FF DF FF FD FF FF FF C7 3F FE 01 FF 00 FF 00 23 DF FF FF FF FF FD FF FF FF 7F FF E3 1F FD 02 ED FE D5 FE AF FF D7 FF 7B FF D7 FF FF FF F3 0F FF 00 FF 00 7F 80 3F C0 3F C0 3F C0 3F C0 FF 80 FB 1E D7 3E D7 3E FB 1E D7 3E FB 1E DF 3E D7 3E 00 00 00 00 00 00 00 00 00 00 00 00 00 00 00 00 00 00 00 00 00 00 00 00 00 00 00 00 00 00 00 00 00 00 00 00 00 00 00 00 00 00 00 00 00 00 00 00 00 00 00 00 00 00 00 00 00 00 00 00 00 00 00 00 00 00 00 00 00 00 00 00 00 00 00 00 00 00 00 00 00 00 00 00 00 00 00 00 00 00 00 00 00 00 00 00 00 00 00 00 00 00 00 00 00 00 00 00 00 00 00 00 00 00 00 00 00 00 00 00 00 00 00 00 00 00 00 00 00 00 00 00 00 00 00 00 00 00 00 00 00 00 00 00 00 00 00 00 00 00 00 00 00 00 00 00 00 00 00 00 30 00 73 0C C0 3F E0 3F 50 3F 63 1F 30 0F 00 03 00 00 F8 00 00 FE 00 FE 00 FE 10 EE 10 EE 18 E6 00 00 00 00 00 00 00 00 00 00 00 00 00 00 00 00 00 00 00 00 00 00 00 00 00 00 00 00 00 00 00 00 39 FE 19 FE 39 FE 39 FE 1B FC 49 FE 3B FC 0C FF FF 00 FF 00 FF 00 FF 00 FF 00 FF 00 FF 00 5F A0 FF 00 FF 00 FF 00 FF 00 FF 00 FF 00 FF 00 FF 00 FF 00 FF 00 FF 00 FF 00 FF 00 FF 00 FF 00 FF 00 FF 00 FF 00 FF 00 FF 00 FF 00 FF 00 FF 00 FF 00 FB 1E D7 3E D7 3E FB 1E D7 3E FB 1E DF 3E D7 3E 00 00 00 00 00 00 00 00 00 00 00 00 00 00 00 00 00 00 00 00 00 00 00 00 00 00 00 00 00 00 00 00 3D 7D 81 00
88 33 04 00 80 02 00 00 00 00 00 00 00 00 00 00 00 00 00 00 00 00 00 00 00 00 00 00 00 00 00 00 00 00 00 00 00 00 00 00 00 00 00 00 00 00 00 00 00 00 00 00 00 00 00 00 00 00 00 00 00 00 00 00 00 00 00 00 00 00 00 00 00 00 00 00 00 00 00 00 00 00 00 00 00 00 00 00 00 00 00 00 00 00 00 00 00 00 00 00 00 00 00 00 00 00 00 00 00 00 00 00 00 00 00 00 00 00 00 00 00 00 00 00 00 00 00 00 00 00 00 00 00 00 05 03 0C 03 3C 03 30 0F 40 3F 40 3F 40 3E F2 3C 08 E6 E0 06 00 F8 04 F8 00 FC 00 FC 90 7E B0 7E 00 00 00 00 00 00 00 00 00 00 00 00 00 00 00 00 00 00 00 00 00 00 00 00 00 00 00 00 00 00 00 00 17 FF 0B FF 0B FF 0D FF 07 FF 0B FF 36 FF 4F FF E6 F9 FE FF D7 FF BB FF EF FF 75 FF DF FF FF FF FF 00 1F E0 FF FF FF FF FF FF FF FF FA FF F7 FF FF 00 FF 00 3F C0 F3 FC FE FF EF FF 53 FF EB FF FF 00 FF 00 FF 00 FF 00 7F 80 BF C0 3F C0 BF C0 FB 1E D7 3E D7 3E FB 1E D7 3E FB 1E DF 3E D7 3E 00 00 00 00 00 00 00 00 00 00 00 00 00 00 00 00 00 00 00 00 00 00 00 00 00 00 00 00 00 00 00 00 00 00 00 00 00 00 00 00 00 00 00 00 00 00 00 00 00 00 00 00 00 00 00 00 00 00 00 00 00 00 00 00 00 00 00 00 00 00 00 00 00 00 00 00 00 00 00 00 00 00 00 00 00 00 00 00 00 00 00 00 00 00 00 00 00 00 00 00 00 00 00 00 00 00 00 00 00 00 00 00 00 00 00 00 00 00 00 00 00 00 00 00 00 00 00 00 00 00 00 00 00 00 00 00 00 00 00 00 00 00 00 00 00 00 00 00 00 00 00 00 00 00 00 00 00 00 00 00 30 7C 30 7C 22 7C 70 3F 40 3F 08 3F 24 1F 38 07 51 3E 21 1E 20 1E A0 1E 02 FC 00 FC 04 F8 10 E0 00 00 00 00 00 00 00 00 00 00 00 00 00 00 00 00 00 00 00 00 00 00 00 00 00 00 00 00 00 00 00 00 3F FF 58 FF 7B FC 59 FE 39 FE DB FC 79 FE 79 FE FF FF 7F FF 87 7F EC 13 BE 41 FF 00 FE 01 FF 00 FD FF F7 FF FD FF 3F FF FF 00 FF 00 FF 00 FF 00 57 FF B3 FF AF FF D3 FF 5F FF FB 07 FF 00 FF 00 3F C0 3F C0 BF C0 3F C0 3F C0 7F 80 FF 00 FF 00 FB 1E D7 3E D7 3E FB 1E D7 3E FB 1E DF 3E D7 3E 00 00 00 00 00 00 00 00 00 00 00 00 00 00 00 00 00 00 00 00 00 00 00 00 00 00 00 00 00 00 00 00 9B 94 81 08
88 33 04 00 80 02 00 00 00 00 00 00 00 00 00 00 00 00 00 00 00 00 00 00 00 00 00 00 00 00 00 00 00 00 00 00 00 00 00 00 00 00 00 00 00 00 00 00 00 00 00 00 00 00 00 00 00 00 00 00 00 00 00 00 00 00 00 00 00 00 00 00 00 00 00 00 00 00 00 00 00 00 00 00 00 00 00 00 00 00 00 00 00 00 00 00 00 00 00 00 00 00 00 00 00 00 00 00 00 00 00 00 00 00 00 00 00 00 00 00 00 00 00 00 00 00 00 00 00 00 00 00 00 00 63 1C 40 3F C0 3F 50 3F 41 3E 62 1C 60 1F 40 3F FE 00 00 FE 00 FE 00 FE A0 1E 80 5E 28 C6 10 EE 00 00 00 00 00 00 00 00 00 00 00 00 00 00 00 00 00 00 00 00 00 00 00 00 00 00 00 00 00 00 00 00 79 FE 7B FC 3B FC 79 FE 79 FE 3B FC FB FC 39 FE FE 01 FF 00 FE 01 FF 00 FF 00 FF 00 FF 00 FE 01 FF 00 FF 00 FF 00 FF 00 FF 00 FF 00 FF 00 E7 F8 FF 00 FF 00 FF 00 FF 00 FF 00 FF 00 FF 00 FF 00 FF 00 FF 00 FF 00 FF 00 FF 00 FF 00 FF 00 FF 00 FB 1E D7 3E D7 3E FB 1E D7 3E FB 1E DF 3E D7 3E 00 00 00 00 00 00 00 00 00 00 00 00 00 00 00 00 00 00 00 00 00 00 00 00 00 00 00 00 00 00 00 00 00 00 00 00 00 00 00 00 00 00 00 00 00 00 00 00 00 00 00 00 00 00 00 00 00 00 00 00 00 00 00 00 00 00 00 00 00 00 00 00 00 00 00 00 00 00 00 00 00 00 00 00 00 00 00 00 00 00 00 00 00 00 00 00 00 00 00 00 00 00 00 00 00 00 00 00 00 00 00 00 00 00 00 00 00 00 00 00 00 00 00 00 00 00 00 00 00 00 00 00 00 00 00 00 00 00 00 00 00 00 00 00 00 00 00 00 00 00 00 00 00 00 00 00 00 00 00 00 40 3F C3 3C 53 3C 40 3F 20 1F 00 3F 41 3E D0 3E 00 FE 82 7C 80 7C 00 F8 04 F8 00 FC 20 FE C0 7E 00 00 00 00 00 00 00 00 00 00 00 00 00 00 00 00 00 00 00 00 00 00 00 00 00 00 00 00 00 00 00 00 79 FE 7B FC 3B FC 79 FE 79 FE 3B FC FB FC 39 FE FE 01 FE 01 FE 01 FE 01 FE 01 FE 01 FE 01 FE 01 E7 F8 E7 F8 E7 F8 A7 F8 67 F8 E7 F8 6F F0 EF F0 FF 00 FB 04 FF 07 FF 07 FF 07 FF 07 FF 07 FF 07 FF 00 FF 00 3F C0 3F C0 3F C0 7F 80 3F C0 3F C0 FB 1E D7 3E D7 3E FB 1E D7 3E FB 1E DF 3E D7 3E 00 00 00 00 00 00 00 00 00 00 00 00 00 00 00 00 00 00 00 00 00 00 00 00 00 00 00 00 00 00 00 00 5A 88 81 08
88 33 04 00 80 02 00 00 00 00 00 00 00 00 00 00 00 00 00 00 00 00 00 00 00 00 00 00 00 00 00 00 00 00 00 00 00 00 00 00 00 00 00 00 00 00 00 00 00 00 00 00 00 00 00 00 00 00 00 00 00 00 00 00 00 00 00 00 00 00 00 00 00 00 00 00 00 00 00 00 00 00 00 00 00 00 00 00 00 00 00 00 00 00 00 00 00 00 00 00 00 00 00 00 00 00 00 00 00 00 00 00 00 00 00 00 00 00 00 00 00 00 00 00 00 00 00 00 00 00 00 00 00 00 90 7C 20 7C 20 7C D0 3C D2 3C 48 30 43 3C 50 3F 09 7E 51 3E 69 1E 30 1E 00 1E 00 00 80 00 00 FE 00 00 00 00 00 00 00 00 00 00 00 00 00 00 00 00 00 00 00 00 00 00 00 00 00 00 00 00 00 00 00 00 FB FC B9 FE BB FC 79 FE B9 FE 79 FE 3B FC 39 FE FE 01 FE 01 FE 01 FE 01 FE 01 FE 01 FE 01 FE 01 B7 E8 E7 F8 4F F0 FF E0 67 F8 F7 E8 E7 F8 FF E0 FF 07 FF 07 FF 07 FF 07 FF 07 FB 07 FF 07 FB 07 3F C0 3F C0 3F C0 3F C0 3F C0 3F C0 3F C0 3F C0 FB 1E D7 3E D7 3E FB 1E D7 3E FB 1E DF 3E D7 3E 00 00 00 00 00 00 00 00 00 00 00 00 00 00 00 00 00 00 00 00 00 00 00 00 00 00 00 00 00 00 00 00 00 00 00 00 00 00 00 00 00 00 00 00 00 00 00 00 00 00 00 00 00 00 00 00 00 00 00 00 00 00 00 00 00 00 00 00 00 00 00 00 00 00 00 00 00 00 00 00 00 00 00 00 00 00 00 00 00 00 00 00 00 00 00 00 00 00 00 00 00 00 00 00 00 00 00 00 00 00 00 00 00 00 00 00 00 00 00 00 00 00 00 00 00 00 00 00 00 00 00 00 00 00 00 00 00 00 00 00 00 00 00 00 00 00 00 00 00 00 00 00 00 00 00 00 00 00 00 00 C0 3F E0 3F 12 7D 90 7D 11 7C 20 7D E2 3D 53 3C 00 FE 00 FE 00 FE 10 EE 10 EE 10 EE 00 FE 28 DE 00 00 00 00 00 00 00 00 00 00 00 00 00 00 00 00 00 00 00 00 00 00 00 00 00 00 00 00 00 00 00 00 BF FF 3F FF 7A FD 39 FE 39 FE 59 FE B9 FE 59 FE 1E E1 F8 FF 3F FF F3 0F FF 00 FF 00 FF 00 FF 00 EF F0 FC FF FF FF FF FF F3 0F FF 00 FF 00 FF 00 FF 07 FB 07 C7 FF FB FF FB FF 3F FF F1 0F FF 00 3F C0 3F C0 3F C0 7F 80 BF C0 E7 F8 FF FF 9F 7F FB 1E D7 3E FF 1E FB 1E FB 1E D7 3E 4F BE FF FE 00 00 00 00 00 00 00 00 00 00 00 00 00 00 00 00 00 00 00 00 00 00 00 00 00 00 00 00 00 00 00 00 BD 92 81 08
88 33 04 00 80 02 00 00 00 00 00 00 00 00 00 00 00 00 00 00 00 00 00 00 00 00 00 00 00 00 00 00 00 00 00 00 00 00 00 00 00 00 00 00 00 00 00 00 00 00 00 00 00 00 00 00 00 00 00 00 00 00 00 00 00 00 00 00 00 00 00 00 00 00 00 00 00 00 00 00 00 00 00 00 00 00 00 00 00 00 00 00 00 00 00 00 00 00 00 00 00 00 00 00 00 00 00 00 00 00 00 00 00 00 00 00 00 00 00 00 00 00 00 00 00 00 00 00 00 00 00 00 00 00 7F 00 3C 00 00 00 00 00 00 00 00 00 00 00 00 00 E2 1C 1E 00 00 00 00 00 00 00 00 00 00 00 00 00 00 00 00 00 00 00 00 00 00 00 00 00 00 00 00 00 00 00 00 00 00 00 00 00 00 00 00 00 00 00 00 00 79 FE B9 FE 79 FE BB FC 7F F8 B9 FE 0F FF 0B FF FF 00 FF 00 FF 00 FF 00 FF 00 FF 00 1F E0 7F FF FF 00 FF 00 FF 00 FF 00 FF 00 FF 00 FF 00 9F E0 FF 00 FF 00 FF 00 FF 00 FF 00 FF 00 FF 00 FF 00 F8 07 FF 00 FF 00 FF 00 FF 00 FF 00 FF 00 FF 00 F3 FE DF 3E FF 1E FB 1E F7 1E FF 1E CF 3E FB 1E 00 00 00 00 00 00 00 00 00 00 00 00 00 00 00 00 00 00 00 00 00 00 00 00 00 00 00 00 00 00 00 00 00 00 00 00 00 00 00 00 00 00 00 00 00 00 00 00 00 00 00 00 00 00 00 00 00 00 00 00 00 00 00 00 00 00 00 00 00 00 00 00 00 00 00 00 00 00 00 00 00 00 00 00 00 00 00 00 00 00 00 00 00 00 00 00 00 00 00 00 00 00 00 00 00 00 00 00 00 00 00 00 00 00 00 00 00 00 00 00 00 00 00 00 00 00 00 00 00 00 00 00 00 00 00 00 00 00 00 00 00 00 00 00 00 00 00 00 00 00 00 00 00 00 00 00 00 00 00 00 00 00 00 00 00 00 00 00 00 00 00 00 00 00 00 00 00 00 00 00 00 00 00 00 00 00 00 00 00 00 00 00 00 00 00 00 00 00 00 00 00 00 00 00 00 00 00 00 00 00 00 00 00 00 00 00 00 00 00 00 00 00 00 00 16 FF 5B FF 6F FF 17 0F B7 7F AF FF 1F FF 5F FF DF FF AF FF 73 FF DF FF FF FF F3 FF FF FF FF FF DF E0 DF E0 CF F0 DF E0 DF E0 CF F0 DF E0 9F E0 FF 00 FF 00 E9 1E FF 1F FD 1F E9 1F FD 1F E9 1F FF 00 FF 00 FF 00 7F 80 BF C0 DF A0 BF C0 9F E0 FB 1E D7 3E D7 3E FB 1E D7 3E FB 1E DF 3E D7 3E 00 00 00 00 00 00 00 00 00 00 00 00 00 00 00 00 00 00 00 00 00 00 00 00 00 00 00 00 00 00 00 00 7C 79 81 08
88 33 04 00 80 02 00 00 00 00 00 00 00 00 00 00 00 00 00 00 00 00 00 00 00 00 00 00 00 00 00 00 00 00 00 00 00 00 00 00 00 00 00 00 00 00 00 00 00 00 00 00 00 00 00 00 00 00 00 00 00 00 00 00 00 00 00 00 00 00 00 00 00 00 00 00 00 00 00 00 00 00 00 00 00 00 00 00 00 00 00 00 00 00 00 00 00 00 00 00 00 00 00 00 00 00 00 00 00 00 00 00 00 00 00 00 00 00 00 00 00 00 00 00 00 00 00 00 00 00 00 00 00 00 08 00 1E 01 30 0F 20 1F 40 3F 51 3E D2 3C 10 7C 00 00 10 E0 04 F8 00 FC 00 FC 20 FE B0 7E 51 3E 00 00 00 00 00 00 00 00 00 00 00 00 00 00 00 00 00 00 00 00 00 00 00 00 00 00 00 00 00 00 00 00 79 FE 7B FC 3B FC 79 FE 79 FE 3B FC FB FC 39 FE 02 FF BF 40 FF 00 FF 00 FF 00 FF 00 FF 00 FF 00 3F C0 FF 00 FF 00 FF 00 FF 00 FF 00 FF 00 FF 00 ED 1F E9 1F F7 0F FA 07 FF 00 FF 00 FF 00 FF 00 BF C0 DF A0 7F 80 FF 00 FF 00 FF 00 FF 00 FF 00 FB 1E D7 3E D7 3E FB 1E D7 3E FB 1E DF 3E D7 3E 00 00 00 00 00 00 00 00 00 00 00 00 00 00 00 00 00 00 00 00 00 00 00 00 00 00 00 00 00 00 00 00 00 00 00 00 00 00 00 00 00 00 00 00 00 00 00 00 00 00 00 00 00 00 00 00 00 00 00 00 00 00 00 00 00 00 00 00 00 00 00 00 00 00 00 00 00 00 00 00 00 00 00 00 00 00 00 00 00 00 00 00 00 00 00 00 00 00 00 00 00 00 00 00 00 00 00 00 00 00 00 00 00 00 00 00 00 00 00 00 00 00 00 00 00 00 00 00 00 00 00 00 00 00 00 00 00 00 00 00 00 00 00 00 00 00 00 00 00 00 00 00 00 00 00 00 00 00 00 00 A0 7C E0 3C D2 3C 40 3D 00 3F 00 3F 40 3F 51 3E 19 3E 00 1E 10 0E 10 E0 00 F8 00 FC 00 FC 22 FC 00 00 00 00 00 00 00 00 00 00 00 00 00 00 00 00 00 00 00 00 00 00 00 00 00 00 00 00 00 00 00 00 38 FF 79 FE 39 FE BC FB 0F FF 9E FF AF FF 17 FF FF 00 FF 00 7F 80 20 FF FF FF 7F FF DF FF BF FF FD 02 FA 07 E6 1F 3F FF AB FF FF FF FF FF E0 FF FF 00 FF 00 7F 80 FF 00 FF 80 DF E0 EF F0 F9 FE FF 00 FF 00 FF 00 FF 00 FF 00 FE 01 FB 07 EF 1F DE 3C BA 7C B0 7C EC 78 F8 F8 68 F8 B0 F8 C0 F0 00 00 00 00 00 00 00 00 00 00 00 00 00 00 00 00 00 00 00 00 00 00 00 00 00 00 00 00 00 00 00 00 50 8B 81 08
88 33 04 00 80 02 00 00 00 00 00 00 00 00 00 00 00 00 00 00 00 00 00 00 00 00 00 00 00 00 00 00 00 00 00 00 00 00 00 00 00 00 00 00 00 00 00 00 00 00 00 00 00 00 00 00 00 00 00 00 00 00 00 00 00 00 00 00 00 00 00 00 00 00 00 00 00 00 00 00 00 00 00 00 00 00 00 00 00 00 00 00 00 00 00 00 00 00 00 00 00 00 00 00 00 00 00 00 00 00 00 00 00 00 00 00 00 00 00 00 00 00 00 00 00 00 00 00 00 00 00 00 00 00 F2 3C 80 7C 80 7C 30 7C 10 7E 50 3F 50 3F 24 1F B0 7E 09 7E 39 1E 21 1E 10 0E 02 FC 00 FC 04 F8 00 00 00 00 00 00 00 00 00 00 00 00 00 00 00 00 00 00 00 00 00 00 00 00 00 00 00 00 00 00 00 00 DD FF 0F FF 6B FF BF 7F 6B 3F BF 7F F6 7F DE FD 7E FF FB FC 9D E2 2D D2 7D 82 5D A2 FD 02 DD 22 7F 80 FF 00 FF 00 FF 00 FF 00 FF 00 FF 00 FF 00 CF 3F FB 07 FF 00 FF 00 FF 00 FF 00 FF 00 FF 00 FE FF FB FF 9F 7F FE 1F FF 0F FA 07 FF 03 FF 00 60 F0 90 E0 F0 80 70 C0 70 E0 A0 F0 68 F0 E0 F8 00 00 00 00 00 00 00 00 00 00 00 00 00 00 00 00 00 00 00 00 00 00 00 00 00 00 00 00 00 00 00 00 00 00 00 00 00 00 00 00 00 00 00 00 00 00 00 00 00 00 00 00 00 00 00 00 00 00 00 00 00 00 00 00 00 00 00 00 00 00 00 00 00 00 00 00 00 00 00 00 00 00 00 00 00 00 00 00 00 00 00 00 00 00 00 00 00 00 00 00 00 00 00 00 00 00 00 00 00 00 00 00 00 00 00 00 00 00 00 00 00 00 00 00 00 00 00 00 00 00 00 00 00 00 00 00 00 00 00 00 00 00 00 00 00 00 00 00 00 00 00 00 00 00 00 00 00 00 00 00 20 1F 43 3C 40 3F 40 3F 41 3E 43 3C 40 3F 40 3F 00 F8 80 00 02 FC 00 FE 20 DE 80 7E 00 FE 00 FC 00 00 00 00 00 00 00 00 00 00 00 00 00 00 00 00 00 00 00 00 00 00 00 00 00 00 00 00 00 00 00 00 B9 FE D9 FE 7B FC 57 F8 53 FC 73 FC 57 F8 F7 F8 FF 00 FD 02 FF 00 FD 02 FF 00 FF 01 FD 03 FD 03 FF 00 FF 00 FF 00 EB 14 FF FF FD FF F7 FF BD FF FF 00 FF 00 FF 00 FF 00 F7 F8 FB FC F6 FF DF FF FF 00 FF 00 FF 00 FF 00 FF 00 FF 00 FF 00 FF 00 90 FC 64 F8 68 FC 9E 7C DC 3E CB 3E FF 1E CA 3F 00 00 00 00 00 00 00 00 00 00 00 00 00 00 00 00 00 00 00 00 00 00 00 00 00 00 00 00 00 00 00 00 83 8E 81 0C
88 33 04 00 80 02 00 00 00 00 00 00 00 00 00 00 00 00 00 00 00 00 00 00 00 00 00 00 00 00 00 00 00 00 00 00 00 00 00 00 00 00 00 00 00 00 00 00 00 00 00 00 00 00 00 00 00 00 00 00 00 00 00 00 00 00 00 00 00 00 00 00 00 00 00 00 00 00 00 00 00 00 00 00 00 00 00 00 00 00 00 00 00 00 00 00 00 00 00 00 00 00 00 00 00 00 00 00 00 00 00 00 00 00 00 00 00 00 00 00 00 00 00 00 00 00 00 00 00 00 00 00 00 00 40 3F D0 3F 44 3F 6F 10 42 3D C0 3F 40 3F C0 3C 80 00 20 C0 00 FC 80 7E A0 5E 00 FE 00 FE 7E 00 00 00 00 00 00 00 00 00 00 00 00 00 00 00 00 00 00 00 00 00 00 00 00 00 00 00 00 00 00 00 00 00 B7 F8 57 F8 77 F8 B7 F8 73 FC B7 F8 5B FC BB FC FD 03 FD 03 FF 01 FE 01 FE 01 FF 00 FF 00 FF 00 D7 FF FD FF F6 FF FF FF 75 FF EF 7F DE 3F F3 0F 73 FF DF FF BF FF ED FF DB FF F7 FF DF FF FE FF 3F C0 FF 80 BF C0 BF C0 9F E0 DF A0 BF C0 FF 00 EF 1F E9 1F ED 1F EB 1F E5 1F EF 1F ED 1F FF 1E 00 00 00 00 00 00 00 00 00 00 00 00 00 00 00 00 00 00 00 00 00 00 00 00 00 00 00 00 00 00 00 00 00 00 00 00 00 00 00 00 00 00 00 00 00 00 00 00 00 00 00 00 00 00 00 00 00 00 00 00 00 00 00 00 00 00 00 00 00 00 00 00 00 00 00 00 00 00 00 00 00 00 00 00 00 00 00 00 00 00 00 00 00 00 00 00 00 00 00 00 00 00 00 00 00 00 00 00 00 00 00 00 00 00 00 00 00 00 00 00 00 00 00 00 00 00 00 00 00 00 00 00 00 00 00 00 00 00 00 00 00 00 00 00 00 00 00 00 00 00 00 00 00 00 00 00 00 00 00 00 D3 3C D0 3F 50 3F 41 3E 6A 15 40 3F D0 3F 40 3F 80 00 00 FE 00 FE 20 DE 00 FE 00 FE 10 E0 80 00 00 00 00 00 00 00 00 00 00 00 00 00 00 00 00 00 00 00 00 00 00 00 00 00 00 00 00 00 00 00 00 00 DE FD 2D FE DE 7F 2F 7F CB FF 7F FF AA FF B7 FF FF 00 FF 00 FF 00 FF 00 7F 80 FF 80 DF E0 EF F0 FE 01 FF 00 FF 00 FF 00 FF 00 FF 00 FF 00 FF 00 03 FC FF 00 FF 00 FF 00 FF 00 FF 00 FF 00 FF 00 FF 00 FF 00 FF 00 FF 00 FF 00 FF 00 FF 00 FF 00 FB 1E DF 3E D7 3E DC 3E B8 7C 6C F8 F8 FC 58 F8 00 00 00 00 00 00 00 00 00 00 00 00 00 00 00 00 00 00 00 00 00 00 00 00 00 00 00 00 00 00 00 00 85 94 81 0C
88 33 04 00 80 02 00 00 00 00 00 00 00 00 00 00 00 00 00 00 00 00 00 00 00 00 00 00 00 00 00 00 00 00 00 00 00 00 00 00 00 00 00 00 00 00 00 00 00 00 00 00 00 00 00 00 00 00 00 00 00 00 00 00 00 00 00 00 00 00 00 00 00 00 00 00 00 00 00 00 00 00 00 00 00 00 00 00 00 00 00 00 00 00 00 00 00 00 00 00 00 00 00 00 00 00 00 00 00 00 00 00 00 00 00 00 00 00 00 00 00 00 00 00 00 00 00 00 00 00 00 00 00 00 50 3F 40 3F 6F 10 40 3F C0 3F 90 7F 60 3C 21 7E 08 F0 00 FE 80 7E 00 FE 00 FE 00 FE 42 3C 00 00 00 00 00 00 00 00 00 00 00 00 00 00 00 00 00 00 00 00 00 00 00 00 00 00 00 00 00 00 00 00 00 00 5A FF DF FF B2 FD 7F F8 B7 F8 FB FC 73 FC 73 FC 7F F8 FE FF FF FF E7 1F FE 01 FF 00 FF 00 FF 00 FF 00 FF 00 3F C0 E7 F8 3D FF E7 1F FF 00 FF 00 FF 00 FF 00 FF 00 FF 00 01 FF FF FF 3F FF FF 00 FE 01 FF 07 EA 1F 8F 7F 79 FF D5 FF FA FF 1F FF F8 F8 E0 F0 60 F0 D0 E0 58 E0 F2 FC 4D FE CB FE 00 00 00 00 00 00 00 00 00 00 00 00 00 00 00 00 00 00 00 00 00 00 00 00 00 00 00 00 00 00 00 00 00 00 00 00 00 00 00 00 00 00 00 00 00 00 00 00 00 00 00 00 00 00 00 00 00 00 00 00 00 00 00 00 00 00 00 00 00 00 00 00 00 00 00 00 00 00 00 00 00 00 00 00 00 00 00 00 00 00 00 00 00 00 00 00 00 00 00 00 00 00 00 00 00 00 00 00 00 00 00 00 00 00 00 00 00 00 00 00 00 00 00 00 00 00 00 00 00 00 00 00 00 00 00 00 00 00 00 00 00 00 00 00 00 00 00 00 00 00 00 00 00 00 00 00 00 00 00 00 E0 3F 50 3F 64 1F 38 0F 00 0F 0A 07 28 07 70 0F 20 C0 10 E0 00 FC 00 FE 20 9E 10 8E 00 FE 02 FC 00 00 00 00 00 00 00 00 00 00 00 00 00 00 00 00 00 00 00 00 00 00 00 00 00 00 00 00 00 00 00 00 B3 FC 75 FA BB FC D3 FC 57 F8 FF F8 B9 FE 4F FF FF 00 FF 00 FF 00 FF 00 FF 00 FF 00 FF 00 8F F0 FF 00 FF 00 FF 00 FF 00 FF 00 FF 00 FF 00 FF 00 FF 00 FF 00 FF 00 FF 00 FF 00 FF 00 FF 00 FF 00 E1 1F FF 00 FF 00 FF 00 FF 00 FF 00 FF 00 FF 00 F3 FE 2B FE DF 3E CF 3E CF 3E DF 3E CF 3E DF 3E 00 00 00 00 00 00 00 00 00 00 00 00 00 00 00 00 00 00 00 00 00 00 00 00 00 00 00 00 00 00 00 00 B8 8E 81 0C
88 33 04 00 00 00 04 00 81 0C
88 33 02 00 04 00 01 00 E4 80 6B 01 81 04
88 33 0F 00 00 00 0F 00 81 04
88 33 0F 00 00 00 0F 00 81 04
88 33 0F 00 00 00 0F 00 81 06
88 33 0F 00 00 00 0F 00 81 06
88 33 0F 00 00 00 0F 00 81 06
88 33 0F 00 00 00 0F 00 81 04
88 33 0F 00 00 00 0F 00 81 00
88 33 0F 00 00 00 0F 00 81 00
88 33 0F 00 00 00 0F 00 81 00
88 33 0F 00 00 00 0F 00 81 00

// Timed Out (Memory Waterline: 6B out of 650B)
88 33 01 00 00 00 01 00 81 00
88 33 0F 00 00 00 0F 00 81 00
88 33 04 00 80 02 00 00 00 00 00 00 00 00 00 00 00 00 00 00 00 00 00 00 00 00 00 00 00 00 00 00 02 02 02 02 02 02 00 00 00 00 00 00 00 00 00 00 30 30 78 78 48 48 00 00 00 00 00 00 00 00 00 00 00 00 03 03 03 03 00 00 00 00 00 00 00 00 00 00 08 08 F8 F8 F8 F8 00 00 00 00 00 00 00 00 00 00 00 00 00 00 00 00 00 00 00 00 00 00 00 00 00 00 00 00 00 00 00 00 00 00 00 00 00 00 00 00 00 00 00 00 00 00 00 00 40 3F 50 3F E0 3F E4 38 90 7F D0 3F D0 3F 46 3F 04 F8 38 C0 00 00 00 00 FE 00 00 FE 00 FE 00 FE 00 00 00 00 00 00 00 00 00 00 00 00 00 00 00 00 00 00 00 00 00 00 00 00 00 00 00 00 00 00 00 00 93 7C 9F 78 13 FC 57 F8 73 FC B3 FC 73 FC B3 FC FC FF 8F 7F F8 07 FF 00 FF 00 FF 00 FF 00 FF 00 FF 00 FE FF FF FF DF 3F F8 07 FF 00 FF 00 FF 00 FF 00 7F 80 E3 FC FF FF FF FF 9F 7F F8 07 FF 00 FF 00 FF 00 FF 00 7F 80 E3 FC FF FF FF FF FC 03 F7 3E DF 3E 9F 7E DF 3E DF 3E DF 3E 9F 7E DF 3E 00 00 00 00 00 00 00 00 00 00 00 00 00 00 00 00 00 00 00 00 00 00 00 00 00 00 00 00 00 00 00 00 00 00 00 00 00 00 00 00 00 00 00 00 00 00 00 00 03 03 01 01 00 00 03 03 03 03 00 00 00 00 00 00 C8 C8 88 88 00 00 F8 F8 F8 F8 48 48 78 78 30 30 00 00 00 00 03 03 03 03 00 00 03 03 03 03 00 00 08 08 00 00 E0 E0 F0 F0 98 98 F0 F0 E0 E0 00 00 00 00 00 00 00 00 00 00 00 00 00 00 00 00 00 00 00 00 00 00 00 00 00 00 00 00 00 00 00 00 00 00 00 00 00 00 00 00 00 00 00 00 00 00 00 00 00 00 30 0F 3C 03 3C 03 20 1F 50 3F F0 3F C0 3F 00 7F 00 FE 00 FC 08 F0 00 E0 00 80 00 FE 00 FE 00 FE 00 00 00 00 00 00 00 00 00 00 00 00 00 00 00 00 00 00 00 00 00 00 00 00 00 00 00 00 00 00 00 00 93 7C 9F 78 13 FC 57 F8 73 FC B3 FC 73 FC B3 FC FF 00 FF 00 FF 00 FF 00 FF 00 FF 00 FF 00 FE 01 FF 00 FF 00 FF 00 FF 00 FF 00 FF 00 FF 00 FF 00 FF 00 FF 00 FF 00 FF 00 FF 00 FF 00 FF 00 FF 00 FF 00 FF 00 FF 00 FF 00 FF 00 FF 00 FF 00 FF 00 F7 3E DF 3E 9F 7E DF 3E DF 3E DF 3E 9F 7E DF 3E 00 00 00 00 00 00 00 00 00 00 00 00 00 00 00 00 00 00 00 00 00 00 00 00 00 00 00 00 00 00 00 00 27 A0 81 00
88 33 04 00 80 02 00 00 00 00 00 00 00 00 00 00 00 00 00 00 00 00 00 00 03 03 03 03 02 02 02 02 02 02 00 00 01 01 00 00 F8 F8 F8 F8 48 48 48 48 08 08 00 00 F0 F0 02 02 02 02 02 02 03 03 01 01 00 00 03 03 03 03 30 30 78 78 48 48 C8 C8 88 88 00 00 F8 F8 F8 F8 00 00 00 00 00 00 00 00 00 00 00 00 00 00 00 00 00 00 00 00 00 00 00 00 00 00 00 00 00 00 00 00 00 00 00 00 00 00 00 00 00 00 00 00 00 00 00 00 53 3C D0 3F E0 3F 60 3F 21 7C 10 7C 12 7C E2 3C B0 4E 00 FE 00 FE 00 FE 00 FE B8 7E 30 1E 20 1E 00 00 00 00 00 00 00 00 00 00 00 00 00 00 00 00 00 00 00 00 00 00 00 00 00 00 00 00 00 00 00 00 93 7C 9F 78 13 FC 57 F8 73 FC B3 FC 73 FC B3 FC FF 01 FF 01 FE 01 FF 01 FE 01 FE 01 FE 01 FF 00 F1 FE DB FF FE FF D5 FF FF FF F5 FF CF FF 7B FF FF 00 F9 FE 5F FF B3 FF DF FF A9 FF D3 FF D7 FF FF 00 FF 00 FF 00 FF 00 FF 00 FF 00 FF 00 FF 00 F7 3E DF 3E 9F 7E DF 3E DF 3E DF 3E 9F 7E DF 3E 00 00 00 00 00 00 00 00 00 00 00 00 00 00 00 00 00 00 00 00 00 00 00 00 00 00 00 00 00 00 00 00 00 00 00 00 00 00 00 00 00 00 00 00 00 00 00 00 03 03 02 02 02 02 02 02 00 00 02 02 03 03 03 03 F8 F8 08 08 08 08 08 08 00 00 08 08 F8 F8 F8 F8 00 00 01 01 03 03 00 00 00 00 00 00 00 00 00 00 E0 E0 B0 B0 18 18 00 00 00 00 00 00 00 00 00 00 00 00 00 00 00 00 00 00 00 00 00 00 00 00 00 00 00 00 00 00 00 00 00 00 00 00 00 00 00 00 00 00 00 00 00 00 00 00 00 00 00 00 00 00 00 00 00 00 51 3E 50 3F 18 3F 28 1F 14 0F 0C 03 06 01 00 00 00 1E 00 FE 00 FC 04 F8 00 F8 18 E0 F8 00 00 00 00 00 00 00 00 00 00 00 00 00 00 00 00 00 00 00 00 00 00 00 00 00 00 00 00 00 00 00 00 00 00 00 B9 FE DB FC FF 7C DD 7E DF 7E EE 7F 77 3F 7B 3F FF 00 FF 00 FF 00 FF 00 FF 00 FF 00 FF 00 FF 00 BD 7F D7 3F EE 1F F3 0F FF 00 FF 00 FF 00 FF 00 BF FF 6E FF DE FF F9 FE FF 00 FF 00 FF 00 FF 00 FF 00 FF 00 FF 00 FF 00 FF 00 FF 00 FF 00 FF 00 DF 3E EF 3E DF 3E 9B 7E FE 3C BE 7C B6 7C 6E FC 00 00 00 00 00 00 00 00 00 00 00 00 00 00 00 00 00 00 00 00 00 00 00 00 00 00 00 00 00 00 00 00 A5 A5 81 08
88 33 04 00 80 02 00 00 00 00 00 00 00 00 00 00 00 00 00 00 00 00 02 02 00 00 03 03 03 03 00 00 03 03 03 03 00 00 08 08 00 00 E0 E0 F0 F0 98 98 F0 F0 E0 E0 00 00 00 00 00 00 01 01 03 03 02 02 02 02 02 02 00 00 00 00 00 00 F0 F0 F8 F8 08 08 08 08 08 08 00 00 00 00 00 00 00 00 00 00 00 00 00 00 00 00 00 00 00 00 00 00 00 00 00 00 00 00 00 00 00 00 00 00 00 00 00 00 00 00 00 00 00 00 00 00 00 00 00 00 00 00 00 00 00 00 00 00 00 00 00 00 00 00 00 00 00 00 00 00 00 00 00 00 00 00 00 00 00 00 00 00 00 00 00 00 00 00 00 00 00 00 00 00 00 00 00 00 00 00 00 00 00 00 00 00 00 00 00 00 00 00 00 00 2F 1F 17 1F 0A 1F 1D 0F 06 07 01 03 02 03 0B 1F 7F 80 DF E0 6F F0 F7 F8 7B FC DD FE 77 FF 7F FF FF 00 FF 00 FF 00 FF 00 FF 00 FF 00 FF 80 FC FF FF 00 FF 00 FF 00 FF 00 FF 00 FF 00 FF 00 78 87 FF 00 FF 00 7E 81 FD 03 FA 07 F7 0F EB 1F F6 FF 58 FC 5C F8 F8 F8 50 F8 F0 F0 60 E0 80 C0 00 00 00 00 00 00 00 00 00 00 00 00 00 00 00 00 00 00 00 00 00 00 00 00 00 00 00 00 00 00 00 00 00 00 00 00 00 00 00 00 00 00 00 00 00 00 00 00 00 00 03 03 03 03 02 02 02 02 02 02 00 00 00 00 00 00 F8 F8 F8 F8 00 00 00 00 00 00 00 00 00 00 00 00 01 01 03 03 02 02 03 03 01 01 00 00 03 03 03 03 F0 F0 F8 F8 08 08 F8 F8 F0 F0 00 00 F8 F8 F8 F8 00 00 00 00 00 00 00 00 00 00 00 00 00 00 00 00 00 00 00 00 00 00 00 00 00 00 00 00 00 00 00 00 00 00 00 00 00 00 00 00 00 00 00 00 00 00 00 00 00 00 00 00 00 00 00 00 00 00 00 00 00 00 00 00 00 00 00 00 00 00 00 00 00 00 00 00 00 00 00 00 00 00 00 00 00 00 00 00 00 00 00 00 00 00 00 00 00 00 00 00 00 00 00 00 00 00 00 00 00 00 00 00 1E 1F 15 1F 1F 3F 1F 3F FE 7F FD 7E 7E FD F9 FE FB FC EF F0 BF C0 FF 00 FF 00 FF 00 FF 00 FF 00 DF 3F F6 1F DD 3F D7 3F F7 1F CF 3F FF 1F DE 3F FF FF FF FF 5F FF FF FF DF E0 3F C0 FF 00 FF 00 BB FF EF FF DB FF EE FF FF 1F F7 0F FF 03 FF 01 00 00 00 00 00 00 80 80 C0 E0 70 E0 D8 F0 F0 F8 00 00 00 00 00 00 00 00 00 00 00 00 00 00 00 00 00 00 00 00 00 00 00 00 00 00 00 00 00 00 00 00 EC 88 81 08
88 33 04 00 80 02 00 00 00 00 00 00 00 00 00 00 00 00 00 00 00 00 00 00 00 00 00 00 00 00 03 03 03 03 00 00 00 00 00 00 00 00 00 00 00 00 F8 F8 F8 F8 30 30 60 60 00 00 00 00 00 00 03 03 03 03 00 00 03 03 03 03 30 30 60 60 30 30 F8 F8 F8 F8 00 00 F8 F8 F8 F8 00 00 00 00 00 00 00 00 00 00 00 00 00 00 00 00 00 00 00 00 00 00 00 00 00 00 00 00 00 00 00 00 00 00 00 00 00 00 00 00 00 00 00 00 00 00 00 00 00 00 00 00 00 00 00 00 00 00 00 00 00 00 00 00 00 00 00 00 00 00 00 00 00 00 00 00 00 00 00 00 00 00 00 00 00 00 00 00 00 00 00 00 00 00 00 00 00 00 00 00 00 00 00 00 00 00 00 00 00 00 00 00 FD FA B7 F8 77 F8 DB F4 BF F0 6F F0 A7 F8 E7 F8 FF 00 FF 00 FF 00 FF 00 FF 01 FA 07 FF 07 FA 07 FF 1E D9 3E DD 3A D1 3E F3 FC B3 FC E3 FC 77 E8 FF 00 FF 00 FF 00 FF 00 FF 00 FF 00 FF 00 FD 03 FF 00 FF 00 FF 00 FF 00 FF 00 FF 00 FF 00 BF C0 E8 F8 F4 F8 7E FC B6 7C EE 3C FC 3E DF 3E FF 1E 00 00 00 00 00 00 00 00 00 00 00 00 00 00 00 00 00 00 00 00 00 00 00 00 00 00 00 00 00 00 00 00 00 00 00 00 00 00 00 00 00 00 00 00 00 00 00 00 00 00 03 03 03 03 00 00 03 03 03 03 02 02 02 02 30 30 F8 F8 F8 F8 00 00 F8 F8 F8 F8 48 48 48 48 00 00 00 00 00 00 00 00 03 03 03 03 02 02 02 02 48 48 78 78 30 30 00 00 F8 F8 F8 F8 00 00 00 00 00 00 00 00 00 00 00 00 00 00 00 00 00 00 00 00 00 00 00 00 00 00 00 00 00 00 00 00 00 00 00 00 00 00 00 00 00 00 00 00 00 00 00 00 00 00 00 00 00 00 00 00 00 00 00 00 00 00 00 00 00 00 00 00 00 00 00 00 00 00 00 00 00 00 00 00 00 00 00 00 00 00 00 00 00 00 00 00 00 00 00 00 00 00 00 00 00 00 00 00 00 00 00 00 00 00 00 00 00 00 00 00 FD FA B7 F8 77 F8 DB F4 BF F0 6F F0 A7 F8 E7 F8 FE 07 FD 07 FA 07 FB 07 FC 03 FF 00 FF 00 FF 00 E7 F8 77 E8 EF F0 CF F0 BF C0 FF 00 FF 00 FF 00 FF 03 FB 07 FF 07 FF 07 FB 07 FF 07 F7 0F F4 0F FF C0 FF C0 DF E0 DF E0 FF C0 DF E0 DF A0 7F 80 F7 3E DF 3E 9F 7E DF 3E DF 3E DF 3E 9F 7E DF 3E 00 00 00 00 00 00 00 00 00 00 00 00 00 00 00 00 00 00 00 00 00 00 00 00 00 00 00 00 00 00 00 00 38 99 81 08
88 33 04 00 80 02 00 00 00 00 00 00 00 00 00 00 00 00 00 00 00 00 02 02 00 00 03 03 03 03 01 01 03 03 02 02 00 00 08 08 00 00 F8 F8 F8 F8 C8 C8 78 78 30 30 00 00 02 02 00 00 03 03 03 03 02 02 02 02 02 02 00 00 00 00 00 00 F8 F8 F8 F8 48 48 48 48 08 08 00 00 00 00 00 00 00 00 00 00 00 00 00 00 00 00 00 00 00 00 00 00 00 00 00 00 00 00 00 00 00 00 00 00 00 00 00 00 00 00 00 00 00 00 00 00 00 00 00 00 00 00 00 00 00 00 00 00 00 00 00 00 00 00 00 00 00 00 00 00 00 00 00 00 00 00 00 00 00 00 00 00 00 00 00 00 00 00 00 00 00 00 00 00 00 00 00 00 00 00 00 00 00 00 00 00 00 00 00 00 00 00 00 00 BB FC FD 7E 47 7E 2A 7F 45 3F 01 3F 32 1F 08 1F FF 00 FF 00 FF 00 FF 00 FF 00 FF 00 BF C0 37 F8 FF 00 FF 00 FF 00 FF 00 FF 00 FF 00 FF 00 FB 07 FD 0E EC 1F DC 3F DC 3F BC 7F FC 7F DC FF 5C FF FF 00 FF 00 FF 00 FF 00 FF 00 FF 00 FF 00 FF 00 DF 3E DF 3E BE 7C B6 7C DE 7C 70 FC A8 FC 78 F8 00 00 00 00 00 00 00 00 00 00 00 00 00 00 00 00 00 00 00 00 00 00 00 00 00 00 00 00 00 00 00 00 00 00 00 00 00 00 00 00 00 00 00 00 00 00 00 00 02 02 03 03 03 03 02 02 00 00 00 00 03 03 03 03 08 08 F8 F8 F8 F8 08 08 00 00 08 08 F8 F8 F8 F8 00 00 03 03 03 03 00 00 00 00 03 03 03 03 02 02 08 08 F8 F8 F8 F8 08 08 00 00 F8 F8 F8 F8 48 48 00 00 00 00 00 00 00 00 00 00 00 00 00 00 00 00 00 00 00 00 00 00 00 00 00 00 00 00 00 00 00 00 00 00 00 00 00 00 00 00 00 00 00 00 00 00 00 00 00 00 00 00 00 00 00 00 00 00 00 00 00 00 00 00 00 00 00 00 00 00 00 00 00 00 00 00 00 00 00 00 00 00 00 00 00 00 00 00 00 00 00 00 00 00 00 00 00 00 00 00 00 00 00 00 00 00 00 00 00 00 00 00 04 0F 00 07 03 03 00 00 00 00 00 00 00 00 00 00 54 FF 8F FF 22 FF D7 FF 0A 0F 00 00 00 00 00 00 1F FF FF FF F6 FF BF FF B4 FC 00 00 00 00 00 00 54 FF 8F FF 22 FF D7 FF 7A 7F 62 7F 7F 7F 00 7F 1F FF FF FF F6 FF BF FF B6 FF D8 FE E0 F8 00 E0 D7 FE A3 F6 47 E2 87 C6 05 06 07 06 07 00 00 00 00 00 00 00 00 00 00 00 00 00 00 00 00 00 00 00 00 00 00 00 00 00 00 00 00 00 00 00 00 00 00 00 3D 7B 81 08
88 33 04 00 80 02 00 00 00 00 00 00 00 00 00 00 00 00 00 00 00 00 00 00 00 00 00 00 03 03 03 03 00 00 00 00 00 00 08 08 00 00 00 00 00 00 00 00 00 00 00 00 00 00 02 02 02 02 00 00 03 03 03 03 02 02 03 03 01 01 48 48 08 08 00 00 F8 F8 F8 F8 08 08 F8 F8 F0 F0 00 00 00 00 00 00 00 00 00 00 00 00 00 00 00 00 00 00 00 00 00 00 00 00 00 00 00 00 00 00 00 00 00 00 00 00 00 00 00 00 00 00 00 00 00 00 00 00 00 00 00 00 00 00 00 00 00 00 00 00 00 00 00 00 00 00 00 00 00 00 00 00 00 00 00 00 00 00 00 00 00 00 00 00 00 00 00 00 00 00 00 00 00 00 00 00 00 00 00 00 00 00 00 00 00 00 00 00 00 00 00 00 00 00 00 00 00 00 00 00 00 00 00 00 00 00 00 00 00 00 00 00 00 00 00 00 00 00 00 00 00 00 00 00 00 00 00 00 00 00 00 00 00 00 00 00 00 00 00 00 00 00 00 00 00 00 00 00 00 00 00 00 00 00 00 00 00 00 00 00 00 00 00 00 00 00 00 00 00 00 00 00 00 00 00 00 00 00 00 00 00 00 00 00 00 00 00 00 00 00 00 00 00 00 00 00 00 00 00 00 00 00 00 00 00 00 00 00 00 00 00 00 00 00 00 00 00 00 00 00 00 00 00 00 00 00 00 00 00 00 00 00 00 00 00 00 00 00 00 00 00 00 00 00 00 00 00 00 00 00 00 00 00 00 00 00 00 00 00 00 00 00 00 00 00 00 00 00 00 00 00 00 00 00 00 00 00 00 00 00 03 03 03 03 00 00 00 00 00 00 00 00 00 00 00 00 F8 F8 F8 F8 00 00 00 00 00 00 00 00 00 00 00 00 00 00 00 00 00 00 00 00 00 00 00 00 00 00 00 00 00 00 00 00 00 00 00 00 00 00 00 00 00 00 00 00 00 00 00 00 00 00 00 00 00 00 00 00 00 00 00 00 00 00 00 00 00 00 00 00 00 00 00 00 00 00 00 00 00 00 00 00 00 00 00 00 00 00 00 00 00 00 00 00 00 00 00 00 00 00 00 00 00 00 00 00 00 00 00 00 00 00 00 00 00 00 00 00 00 00 00 00 00 00 00 00 00 00 00 00 00 00 00 00 00 00 00 00 00 00 00 00 00 00 00 00 00 00 00 00 00 00 00 00 00 00 00 00 00 00 00 00 00 00 00 00 00 00 00 00 00 00 00 00 00 00 00 00 00 00 00 00 00 00 00 00 00 00 00 00 00 00 00 00 00 00 00 00 00 00 00 00 00 00 00 00 00 00 00 00 00 00 00 00 00 00 00 00 00 00 00 00 00 00 00 00 00 00 00 00 00 00 00 00 00 00 00 00 00 00 00 00 0E 0D 81 08
88 33 04 00 80 02 00 00 00 00 00 00 00 00 00 00 00 00 00 00 00 00 00 00 00 00 00 00 00 00 00 00 00 00 00 00 00 00 00 00 00 00 00 00 00 00 00 00 00 00 00 00 00 00 01 01 00 00 01 01 03 03 03 03 00 00 02 02 03 03 80 80 C0 C0 80 80 F8 F8 F8 F8 00 00 08 08 F8 F8 00 00 00 00 00 00 00 00 00 00 00 00 00 00 00 00 00 00 00 00 00 00 00 00 00 00 00 00 00 00 00 00 00 00 00 00 00 00 00 00 00 00 00 00 00 00 00 00 00 00 00 00 00 00 00 00 00 00 00 00 00 00 00 00 00 00 00 00 00 00 00 00 00 00 00 00 00 00 00 00 00 00 00 00 00 00 00 00 00 00 00 00 00 00 00 00 00 00 00 00 00 00 00 00 00 00 00 00 00 00 00 00 00 00 00 00 00 00 00 00 00 00 00 00 00 00 00 00 00 00 00 00 00 00 00 00 00 00 00 00 00 00 00 00 00 00 00 00 00 00 00 00 00 00 00 00 00 00 00 00 00 00 00 00 00 00 00 00 00 00 00 00 00 00 00 00 00 00 00 00 00 00 00 00 00 00 00 00 00 00 00 00 00 00 00 00 00 00 00 00 00 00 00 00 00 00 00 00 00 00 00 00 00 00 00 00 00 00 00 00 00 00 00 00 00 00 00 00 00 00 00 00 00 00 00 00 00 00 00 00 00 00 00 00 00 00 00 00 00 00 00 00 00 00 00 00 00 00 00 00 00 00 00 00 00 00 00 00 00 00 00 00 00 00 00 00 00 00 00 00 00 00 00 00 00 00 00 00 03 03 02 02 00 00 00 00 03 03 03 03 00 00 00 00 F8 F8 08 08 00 00 08 08 F8 F8 F8 F8 08 08 00 00 00 00 00 00 00 00 00 00 00 00 00 00 00 00 00 00 00 00 00 00 00 00 00 00 00 00 00 00 00 00 00 00 00 00 00 00 00 00 00 00 00 00 00 00 00 00 00 00 00 00 00 00 00 00 00 00 00 00 00 00 00 00 00 00 00 00 00 00 00 00 00 00 00 00 00 00 00 00 00 00 00 00 00 00 00 00 00 00 00 00 00 00 00 00 00 00 00 00 00 00 00 00 00 00 00 00 00 00 00 00 00 00 00 00 00 00 00 00 00 00 00 00 00 00 00 00 00 00 00 00 00 00 00 00 00 00 00 00 00 00 00 00 00 00 00 00 00 00 00 00 00 00 00 00 00 00 00 00 00 00 00 00 00 00 00 00 00 00 00 00 00 00 00 00 00 00 00 00 00 00 00 00 00 00 00 00 00 00 00 00 00 00 00 00 00 00 00 00 00 00 00 00 00 00 00 00 00 00 00 00 00 00 00 00 00 00 00 00 00 00 00 00 00 00 00 00 00 00 00 00 00 00 00 00 00 00 00 00 00 00 16 10 81 0C
88 33 04 00 80 02 00 00 00 00 00 00 00 00 00 00 00 00 00 00 00 00 00 00 00 00 00 00 00 00 00 00 00 00 00 00 00 00 00 00 00 00 00 00 00 00 00 00 00 00 00 00 00 00 03 03 03 03 00 00 03 03 03 03 00 00 00 00 00 00 F8 F8 F8 F8 40 40 F8 F8 F8 F8 00 00 00 00 00 00 00 00 00 00 00 00 00 00 00 00 00 00 00 00 00 00 00 00 00 00 00 00 00 00 00 00 00 00 00 00 00 00 00 00 00 00 00 00 00 00 00 00 00 00 00 00 00 00 00 00 00 00 00 00 00 00 00 00 00 00 00 00 00 00 00 00 00 00 00 00 00 00 00 00 00 00 00 00 00 00 00 00 00 00 00 00 00 00 00 00 00 00 00 00 00 00 00 00 00 00 00 00 00 00 00 00 00 00 00 00 00 00 00 00 00 00 00 00 00 00 00 00 00 00 00 00 00 00 00 00 00 00 00 00 00 00 00 00 00 00 00 00 00 00 00 00 00 00 00 00 00 00 00 00 00 00 00 00 00 00 00 00 00 00 00 00 00 00 00 00 00 00 00 00 00 00 00 00 00 00 00 00 00 00 00 00 00 00 00 00 00 00 00 00 00 00 00 00 00 00 00 00 00 00 00 00 00 00 00 00 00 00 00 00 00 00 00 00 00 00 00 00 00 00 00 00 00 00 00 00 00 00 00 00 00 00 00 00 00 00 00 00 00 00 00 00 00 00 00 00 00 00 00 00 00 00 00 00 00 00 00 00 00 00 00 00 00 00 00 00 00 00 00 00 00 00 00 00 00 00 00 00 00 00 00 00 00 00 00 00 00 00 00 00 00 00 00 00 00 00 00 00 00 00 00 00 00 00 00 00 00 00 00 00 00 00 00 00 00 00 00 00 00 00 00 00 00 00 00 00 00 00 00 00 00 00 00 00 00 00 00 00 00 00 00 00 00 00 00 00 00 00 00 00 00 00 00 00 00 00 00 00 00 00 00 00 00 00 00 00 00 00 00 00 00 00 00 00 00 00 00 00 00 00 00 00 00 00 00 00 00 00 00 00 00 00 00 00 00 00 00 00 00 00 00 00 00 00 00 00 00 00 00 00 00 00 00 00 00 00 00 00 00 00 00 00 00 00 00 00 00 00 00 00 00 00 00 00 00 00 00 00 00 00 00 00 00 00 00 00 00 00 00 00 00 00 00 00 00 00 00 00 00 00 00 00 00 00 00 00 00 00 00 00 00 00 00 00 00 00 00 00 00 00 00 00 00 00 00 00 00 00 00 00 00 00 00 00 00 00 00 00 00 00 00 00 00 00 00 00 00 00 00 00 00 00 00 00 00 00 00 00 00 00 00 00 00 00 00 00 00 00 00 00 00 00 00 00 00 00 00 00 00 00 00 00 00 00 00 00 00 00 00 00 00 00 00 00 00 00 DE 08 81 0C
88 33 04 00 80 02 00 00 00 00 00 00 00 00 00 00 00 00 00 00 00 00 00 00 00 00 00 00 00 00 00 00 00 00 00 00 00 00 00 00 00 00 00 00 00 00 00 00 00 00 00 00 00 00 00 00 00 00 00 00 00 00 00 00 00 00 00 00 00 00 00 00 00 00 00 00 00 00 00 00 00 00 00 00 00 00 00 00 00 00 00 00 00 00 00 00 00 00 00 00 00 00 00 00 00 00 00 00 00 00 00 00 00 00 00 00 00 00 00 00 00 00 00 00 00 00 00 00 00 00 00 00 00 00 00 00 00 00 00 00 00 00 00 00 00 00 00 00 00 00 00 00 00 00 00 00 00 00 00 00 00 00 00 00 00 00 00 00 00 00 00 00 00 00 00 00 00 00 00 00 00 00 00 00 00 00 00 00 00 00 00 00 00 00 00 00 00 00 00 00 00 00 00 00 00 00 00 00 00 00 00 00 00 00 00 00 00 00 00 00 00 00 00 00 00 00 00 00 00 00 00 00 00 00 00 00 00 00 00 00 00 00 00 00 00 00 00 00 00 00 00 00 00 00 00 00 00 00 00 00 00 00 00 00 00 00 00 00 00 00 00 00 00 00 00 00 00 00 00 00 00 00 00 00 00 00 00 00 00 00 00 00 00 00 00 00 00 00 00 00 00 00 00 00 00 00 00 00 00 00 00 00 00 00 00 00 00 00 00 00 00 00 00 00 00 00 00 00 00 00 00 00 00 00 00 00 00 00 00 00 00 00 00 00 00 00 00 00 00 00 00 00 00 00 00 00 00 00 00 00 00 00 00 00 00 00 00 00 00 00 00 00 00 00 00 00 00 00 00 00 00 00 00 00 00 00 00 00 00 00 00 00 00 00 00 00 00 00 00 00 00 00 00 00 00 00 00 00 00 00 00 00 00 00 00 00 00 00 00 00 00 00 00 00 00 00 00 00 00 00 00 00 00 00 00 00 00 00 00 00 00 00 00 00 00 00 00 00 00 00 00 00 00 00 00 00 00 00 00 00 00 00 00 00 00 00 00 00 00 00 00 00 00 00 00 00 00 00 00 00 00 00 00 00 00 00 00 00 00 00 00 00 00 00 00 00 00 00 00 00 00 00 00 00 00 00 00 00 00 00 00 00 00 00 00 00 00 00 00 00 00 00 00 00 00 00 00 00 00 00 00 00 00 00 00 00 00 00 00 00 00 00 00 00 00 00 00 00 00 00 00 00 00 00 00 00 00 00 00 00 00 00 00 00 00 00 00 00 00 00 00 00 00 00 00 00 00 00 00 00 00 00 00 00 00 00 00 00 00 00 00 00 00 00 00 00 00 00 00 00 00 00 00 00 00 00 00 00 00 00 00 00 00 00 00 00 00 00 00 00 00 00 00 00 00 00 00 00 00 00 00 00 00 00 00 00 00 00 00 00 00 00 00 00 00 00 86 00 81 0C
88 33 04 00 00 00 04 00 81 0C
88 33 02 00 04 00 01 03 E4 80 6E 01 81 04
88 33 0F 00 00 00 0F 00 81 04
88 33 0F 00 00 00 0F 00 81 04
88 33 0F 00 00 00 0F 00 81 06
88 33 0F 00 00 00 0F 00 81 06
88 33 0F 00 00 00 0F 00 81 06
88 33 0F 00 00 00 0F 00 81 04
88 33 0F 00 00 00 0F 00 81 00
88 33 0F 00 00 00 0F 00 81 00
88 33 0F 00 00 00 0F 00 81 00
88 33 0F 00 00 00 0F 00 81 00

// Timed Out (Memory Waterline: 6B out of 650B)
