// GAMEBOY PRINTER Packet Capture V3 (Brian Khuu 2020)
// Note: Each byte is from each GBP packet is from the gameboy
//       except for the last two bytes which is from the printer
// JS Raw Packet Decoder: https://mofosyne.github.io/arduino-gameboy-printer-emulator/GameBoyPrinterDecoderJS/gameboy_printer_js_raw_decoder.html
// --- GNU GENERAL PUBLIC LICENSE Version 3, 29 June 2007 ---
// This program comes with ABSOLUTELY NO WARRANTY;
// This is free software, and you are welcome to redistribute it
// under certain conditions. Refer to LICENSE file for detail.
// ---
88 33 01 00 00 00 01 00 81 00
88 33 0F 00 00 00 0F 00 81 00
88 33 04 00 80 02 00 00 00 00 00 00 00 00 00 00 00 00 00 00 00 00 00 00 00 00 00 00 00 00 00 00 00 00 00 00 00 00 00 00 00 00 00 00 00 00 00 00 00 00 00 00 00 00 00 00 00 00 00 00 00 00 00 00 00 00 00 00 00 00 00 00 00 00 00 00 00 00 00 00 00 00 00 00 00 00 00 00 00 00 00 00 00 00 00 00 00 00 00 00 00 00 00 00 00 00 00 00 00 00 00 00 00 00 00 00 00 00 00 00 00 00 00 00 00 00 00 00 00 00 00 00 00 00 00 00 00 00 00 00 00 00 00 00 00 00 00 00 00 00 00 00 00 00 00 00 00 00 00 00 00 00 00 00 00 00 00 00 00 00 00 00 00 00 00 00 00 00 00 00 00 00 00 00 00 00 00 00 00 00 00 00 00 00 00 00 00 00 00 00 00 00 00 00 00 00 00 00 00 00 00 00 00 00 00 00 00 00 00 00 00 00 00 00 00 00 00 00 00 00 00 00 00 00 00 00 00 00 00 00 00 00 00 00 00 00 00 00 00 00 00 00 00 00 00 00 00 00 00 00 00 00 00 00 00 00 00 00 00 00 00 00 00 00 00 00 00 00 00 00 00 00 00 00 00 00 00 00 00 00 00 00 00 00 00 00 00 00 00 00 00 00 00 00 00 00 00 00 00 00 00 00 00 00 00 00 00 00 00 00 00 00 00 00 00 00 00 00 00 00 00 00 00 00 00 00 00 00 00 00 00 00 00 00 00 00 00 00 00 00 00 00 00 00 00 00 00 00 00 00 00 00 00 00 00 00 00 00 00 00 00 00 00 00 00 00 00 00 00 00 00 00 00 00 00 00 00 00 00 00 00 00 00 00 00 00 00 00 00 00 00 00 00 00 00 00 00 00 00 00 00 00 00 00 00 00 00 00 00 00 00 00 00 00 00 00 00 00 00 00 00 00 00 00 00 00 00 00 00 00 00 00 00 00 00 00 00 00 00 00 00 00 00 00 00 00 00 00 00 00 00 00 00 00 00 00 00 00 00 00 00 00 00 00 00 00 00 00 00 00 00 00 00 00 00 00 00 00 00 00 00 00 00 00 00 00 00 00 00 00 00 00 00 00 00 00 00 00 00 00 00 00 00 00 00 00 00 00 00 00 00 00 00 00 00 00 00 00 00 00 00 00 00 00 00 00 00 00 00 00 00 00 00 00 00 00 00 00 00 00 00 00 00 00 00 00 00 00 00 00 00 00 00 00 00 00 00 00 00 00 00 00 00 00 00 00 00 00 00 00 00 00 00 00 00 00 00 00 00 00 00 00 00 00 00 00 00 00 00 00 00 00 00 00 00 00 00 00 00 00 00 00 00 00 00 00 00 00 00 00 00 00 00 00 00 00 00 00 00 00 00 00 00 00 00 00 00 00 00 00 00 00 00 00 00 00 86 00 81 00
88 33 04 00 80 02 00 00 00 00 00 00 00 00 00 00 00 00 00 00 00 00 00 00 00 00 00 00 00 00 00 00 00 00 00 00 00 00 00 00 00 00 00 00 00 00 00 00 00 00 00 00 00 00 00 00 00 00 00 00 00 00 00 00 00 00 00 00 00 00 00 00 00 00 00 00 00 00 00 00 00 00 00 00 00 00 00 00 00 00 00 00 00 00 00 00 00 00 00 00 00 00 00 00 00 00 00 00 00 00 00 00 00 00 00 00 00 00 00 00 00 00 00 00 00 00 00 00 00 00 00 00 00 00 00 00 00 00 00 00 00 00 00 00 00 00 00 00 00 00 00 00 00 00 00 00 00 00 00 00 00 00 00 00 00 00 00 00 00 00 00 00 00 00 00 00 00 00 00 00 00 00 00 00 00 00 00 00 00 00 00 00 00 00 00 00 00 00 00 00 00 00 00 00 00 00 00 00 00 00 00 00 00 00 00 00 00 00 00 00 00 00 00 00 00 00 00 00 00 00 00 00 00 00 00 00 00 00 00 00 00 00 00 00 00 00 00 00 00 00 00 00 00 00 00 00 00 00 00 00 00 00 00 00 00 00 00 00 00 00 00 00 00 00 00 00 00 00 00 00 00 00 00 00 00 00 00 00 00 00 00 00 00 00 00 00 00 00 00 00 00 00 00 00 00 00 00 00 00 00 00 00 00 00 00 00 00 00 00 00 00 00 00 00 00 00 00 00 00 00 00 00 00 00 00 00 00 00 00 00 00 00 00 00 00 00 00 00 00 00 00 00 00 00 00 00 00 00 00 00 00 00 00 00 00 00 00 00 00 00 00 00 00 00 00 00 00 00 00 00 00 00 00 00 00 00 00 00 00 00 00 00 00 00 00 00 00 00 00 00 00 00 00 00 00 00 00 00 00 00 00 00 00 00 00 00 00 00 00 00 00 00 00 00 00 00 00 00 00 00 00 00 00 00 00 00 00 00 00 00 00 00 00 00 00 00 00 00 00 00 00 00 00 00 00 00 00 00 00 00 00 00 00 00 00 00 00 00 00 00 00 00 00 00 00 00 00 00 00 00 00 00 00 00 00 00 00 00 00 00 00 00 00 00 00 00 00 00 00 00 00 00 00 00 00 00 00 00 00 00 00 00 00 00 00 00 00 00 00 00 00 00 00 00 00 00 00 00 00 00 00 00 00 00 00 00 00 00 00 00 00 00 00 00 00 00 00 00 00 00 00 00 00 00 00 00 00 00 00 00 00 00 00 00 00 00 00 00 00 00 00 00 00 00 00 00 00 00 00 00 00 00 00 00 00 00 00 00 00 00 00 00 00 00 00 00 00 00 00 00 00 00 00 00 00 00 00 00 00 00 00 00 00 00 00 00 00 00 00 00 00 00 00 00 00 00 00 00 00 00 00 00 00 00 00 00 00 00 00 00 00 00 00 00 00 00 86 00 81 00
88 33 04 00 80 02 00 00 00 00 00 00 00 00 00 00 00 00 00 00 00 00 00 00 00 00 00 00 00 00 00 00 00 00 00 00 00 00 00 00 00 00 00 00 00 00 00 00 00 00 00 00 00 00 00 00 00 00 00 00 00 00 00 00 00 00 00 00 00 00 00 00 00 00 00 00 00 00 00 00 00 00 00 00 00 00 00 00 00 00 00 00 00 00 00 00 00 00 00 00 00 00 01 00 0B 07 2E 1F 1B 3C 1F 30 1F 30 3B 14 3E 13 7E FF FF FF FE 01 FF 00 FF 00 FF 00 FF 00 FF 00 80 03 A7 C3 F3 E6 BF 76 FD 1E FF 0C FF 04 FB 04 20 C0 F4 F8 DD 3E F7 0F FD 03 FF 00 FF 00 FF 00 00 00 00 00 00 00 40 80 C0 E0 70 F0 D8 38 EC 1C 00 00 00 00 00 00 00 00 00 00 01 00 01 03 0F 07 00 00 00 00 03 00 0B 07 5F 3F 74 F8 A0 C0 80 00 00 00 00 00 F0 00 FA FC FE FF 0B 07 03 01 01 00 00 00 00 00 00 00 00 00 00 00 80 80 C0 C0 C0 E0 00 00 00 00 00 00 00 00 00 00 00 00 00 00 00 00 00 00 00 00 00 00 00 00 00 00 00 00 00 00 00 00 00 00 00 00 00 00 00 00 00 00 00 00 00 00 00 00 00 00 00 00 00 00 00 00 00 00 00 00 00 00 00 00 00 00 00 00 00 00 00 00 00 00 00 00 00 00 00 00 00 00 00 00 00 00 00 00 00 00 00 00 00 00 00 00 00 00 00 00 00 00 00 00 00 00 00 00 00 00 00 00 00 00 00 00 00 00 00 00 00 00 00 00 00 00 00 00 00 00 00 00 00 00 00 00 00 00 00 00 00 00 00 00 00 00 00 00 00 00 00 00 00 00 00 00 00 00 00 00 2F 1F 0B 07 02 01 01 00 07 03 0D 06 18 0C 0C 18 FF F1 FF 80 FF C0 7F E0 FF F0 3F 18 0F 0C 07 06 7F 80 BF C0 7F C0 DF 60 FF 20 EF 30 EF 10 EF 10 FF 00 FF 00 FF 00 FF 00 FF 00 FE 01 F3 0F BF 7F FF 00 FF 00 FF 00 FF 00 FC 03 00 FF FF FF FF FF E4 1E C3 3E C2 3F 01 FF 01 FF 03 FF C7 FF FE FE 0C 1E 3C 38 70 70 E0 E0 C0 C0 80 80 00 00 00 00 00 00 00 00 00 00 00 00 00 00 00 00 00 00 00 00 00 00 00 00 00 00 00 00 00 00 00 00 00 00 00 00 F0 60 20 70 70 30 30 30 30 30 70 30 20 70 F0 60 00 00 00 00 00 00 00 00 00 00 00 00 00 00 00 00 00 00 00 00 00 00 00 00 00 00 00 00 00 00 00 00 00 00 00 00 00 00 00 00 00 00 00 00 00 00 00 00 00 00 00 00 00 00 00 00 00 00 00 00 00 00 00 00 00 00 00 00 00 00 00 00 00 00 00 00 00 00 00 00 7B 6B 81 00
88 33 04 00 80 02 00 00 00 00 00 00 00 00 00 00 00 00 00 00 00 00 00 00 00 00 00 00 00 00 00 00 00 00 00 00 00 00 00 00 00 00 00 00 00 00 00 00 00 00 00 00 00 00 00 00 00 00 00 00 00 00 00 00 00 00 00 00 00 00 00 00 00 00 00 00 00 00 00 00 00 00 00 00 00 00 0C 18 08 1C 1D 0E 0F 07 04 06 04 06 03 06 06 03 06 03 01 03 03 01 40 81 01 00 03 01 0B 07 1F 0F FD 03 EF 1F BE FF F8 FF E0 FF C0 FF 80 FF 00 FF FC FF C0 FF 00 FF 00 FF 00 FF 00 FF 00 FF 00 FF 00 FF 00 FF 00 FF 00 FF 00 FF 00 FF 00 FF 01 FF 7C FC 18 F8 38 F0 60 F0 70 E0 C0 E0 E0 C0 80 C0 00 00 00 00 00 00 00 00 14 08 28 14 58 24 38 44 00 00 00 00 00 00 00 00 00 00 00 00 00 00 00 00 00 00 00 00 00 00 00 00 00 00 00 00 00 00 00 00 70 F0 78 38 18 1C 1C 0C 06 0C 0C 06 0C 06 0C 06 00 00 00 00 00 00 00 00 00 00 00 00 00 00 00 00 00 00 00 00 00 00 00 00 00 00 00 00 00 00 00 00 00 00 00 00 00 00 00 00 00 00 00 00 00 00 00 00 00 00 00 00 00 00 00 00 00 00 00 00 00 00 00 00 00 00 00 00 00 00 00 00 00 00 00 00 00 00 00 00 00 00 00 00 00 00 00 00 00 00 00 00 00 00 00 00 00 00 00 00 00 00 00 00 00 00 00 00 00 00 00 00 00 00 00 00 00 00 00 00 00 00 00 00 00 00 00 00 00 00 00 00 00 00 00 00 00 00 00 00 00 00 00 00 00 00 01 00 03 01 07 03 03 06 0C 06 06 0C 1C 0C 01 03 F1 F1 F8 F8 6F 9F 0F 07 03 07 07 02 02 00 3F 9F FF FF F6 F9 D0 E0 C0 80 80 00 00 00 00 00 80 FF E0 FF F0 FF B8 7F 3C 1F 1E 0F 0E 07 03 07 00 FF 00 FF 00 FF 00 FF 00 FF 00 FF 00 FF 00 FF 01 FF 03 FF 03 FF 06 FF 07 FE 04 FE 0E FC 0C FC C0 80 00 80 81 00 00 01 02 01 01 02 05 02 03 04 B8 44 74 88 70 88 E8 10 E0 10 D0 20 C0 20 C0 20 00 00 00 00 00 00 00 00 00 00 00 00 00 00 00 00 00 00 00 00 00 00 00 00 00 00 00 00 00 01 03 01 0C 06 06 0C 1C 0C 3C 18 70 38 70 F0 E0 E0 C0 C0 00 00 00 00 00 00 00 00 00 00 00 00 00 00 00 00 00 00 00 00 00 00 00 00 00 00 00 00 00 00 00 00 00 00 00 00 00 00 00 00 00 00 00 00 00 00 00 00 00 00 00 00 00 00 00 00 00 00 00 00 00 00 00 00 00 00 00 00 00 00 00 00 00 00 00 00 00 00 00 00 69 63 81 00
88 33 04 00 80 02 00 00 00 00 00 00 00 00 00 00 00 00 00 00 00 00 00 00 00 00 00 00 00 00 00 00 00 00 00 00 00 00 00 00 00 00 00 00 00 00 00 00 00 00 00 00 00 00 00 00 00 00 00 00 00 00 00 00 00 00 00 00 00 00 18 0C 0C 18 18 18 38 18 10 38 18 30 30 30 30 30 00 00 00 00 00 00 00 00 00 00 00 00 10 60 60 F0 00 00 00 00 00 00 00 00 00 00 00 00 10 0C 0C 1E 07 03 01 03 03 01 02 01 00 01 01 00 01 00 01 00 00 FF 80 FF 80 FF 80 FF 80 FF 80 FF 80 FF 80 FF 08 FC 1C F8 18 F8 10 F8 10 F8 10 F8 10 F8 10 F8 0B 04 0B 04 07 08 07 08 07 08 07 08 07 08 07 08 A0 40 A0 40 80 40 80 40 80 40 80 40 80 40 40 80 00 00 00 00 00 00 00 00 00 00 00 00 00 00 00 00 01 01 01 01 01 01 03 01 01 03 07 03 0E 07 1F 0E 80 80 80 80 80 80 00 80 80 00 00 00 00 00 00 00 00 00 00 00 00 00 00 00 00 00 00 00 00 00 00 00 00 00 00 00 00 00 00 00 00 00 00 00 00 00 00 00 00 00 00 00 00 00 00 00 00 00 00 00 00 00 00 00 00 00 00 00 00 00 00 00 00 00 00 00 00 00 00 00 00 00 00 00 00 00 00 00 00 00 00 00 00 00 00 00 00 00 00 00 00 00 00 00 00 00 00 00 00 00 00 00 00 00 00 00 00 00 00 00 00 00 00 00 00 00 00 00 00 00 00 00 00 00 00 00 00 00 00 00 00 00 00 00 00 00 00 00 00 00 00 00 00 00 00 00 00 00 00 00 30 30 30 30 30 30 30 30 30 30 30 30 30 30 18 30 F0 F0 F0 F0 60 F0 10 60 00 00 00 00 00 00 00 00 1E 1E 1E 1E 0C 1E 10 0C 00 00 00 00 00 00 00 00 01 00 01 00 01 00 01 00 00 01 00 01 03 01 03 01 80 FF 80 FF 80 FF 80 FF 80 FF 80 FF 80 FF 80 FF 10 F8 18 F8 1C F8 0C F8 08 FC 0E FC 05 FE 06 FF 08 07 00 00 00 00 00 00 00 00 00 00 00 00 80 00 00 00 00 00 00 00 00 00 00 00 00 00 00 00 00 00 00 00 05 03 03 07 0E 07 06 0F 1C 0F 3C 1F 78 3F 5F 3E FF FE E7 FE 02 FF 03 FF 03 FF 01 FF 01 FF 00 00 00 00 0B 07 2F 1F 77 38 FF 60 FF C0 FF 80 00 00 00 00 D0 E0 F0 F8 DC 3C FC 0E F6 0E F6 0E 00 00 00 00 00 00 00 00 00 00 00 00 00 00 00 00 00 00 00 00 00 00 00 00 00 00 00 00 00 00 00 00 00 00 00 00 00 00 00 00 00 00 00 00 00 00 00 00 00 00 00 00 00 00 00 00 00 00 00 00 00 00 00 00 03 5A 81 00
88 33 04 00 80 02 00 00 00 00 00 00 00 00 00 00 00 00 00 00 00 00 00 00 00 00 00 00 00 00 00 00 00 00 00 00 00 00 00 00 00 00 00 00 00 00 00 00 00 00 00 00 00 00 00 00 00 00 00 00 00 00 00 00 00 00 00 00 00 00 30 18 18 18 0C 18 18 0C 06 0C 0D 06 06 03 03 01 00 00 01 00 00 01 03 01 05 03 0B 07 CF 3F FF FF 00 00 00 00 00 00 80 00 00 80 C0 80 D0 E0 FB FC 01 03 03 03 07 03 02 07 0E 07 1C 0F 3C 1F B8 7F 00 FF 00 FF 00 FF 00 FF 00 FF 00 FF 00 FF 00 FF 03 FF 01 FF 00 FF 00 FF 00 FF 00 FF 00 FF 00 FF A0 C0 E8 F0 7F FF 1F FF 00 FF 00 FF 00 FF 00 FF 01 00 33 0F FF FF F8 FF 00 FF 00 FF 00 FF 00 FF 70 FF C0 FF 00 FF 00 FF 00 FF 00 FF 00 FF 00 FF 01 FF 01 FF 01 FF 01 FF 01 FF 01 FF 01 FF 01 FF FF 80 FF 80 FF 80 FF 80 FF 80 FC 83 FF 80 FF 80 F6 0E E6 1E E6 1E CE 3E 1F FE 06 FF FB 07 FD 03 00 00 00 00 00 00 00 00 00 00 00 00 00 80 C0 80 00 00 00 00 00 00 00 00 00 00 00 00 00 00 00 00 00 00 00 00 00 00 00 00 00 00 00 00 00 00 00 00 00 00 00 00 00 00 00 00 00 00 00 00 00 00 00 00 00 00 00 00 00 00 00 00 00 00 00 00 00 00 00 00 00 00 00 00 00 00 00 00 00 00 00 00 00 00 00 00 00 00 00 00 00 00 00 00 00 00 00 00 00 00 00 00 00 00 00 00 00 00 00 00 00 00 00 00 00 00 00 00 01 03 03 07 0E 07 05 0E 0D 0E 0F 0C 0F 0C 0F 0C CF F0 7F 80 FF 00 FF 00 FF 00 FF 00 FF 00 FF 00 BF 7F F7 0F FD 03 FE 01 FF 00 FF 00 FF 00 FF 00 E0 FF 80 FF C0 FF E0 FF F0 7F F8 3F FC 1F FC 0F 00 FF 00 FF 00 FF 00 FF 00 FF 00 FF 00 FF 00 FF 00 FF 00 FF 00 FF 00 FF 00 FF 00 FF 00 FF 00 FF 00 FF 00 FF 00 FF 00 FF 00 FF 00 FF 00 FF 00 FF 00 FF 00 FF 00 FF 00 FF 00 FF 00 FF 00 FF 00 FF 00 FF 00 FF 00 FF 00 FF 00 FF 00 FF 00 FF 00 FF 01 FF 01 FF 01 FF 01 FF 01 FF 03 FF 03 FF 02 FF FF 80 FF 80 FF 80 7F 80 7F 80 7F 80 FF 00 FF 00 FE 01 FE 01 FE 01 FE 01 FE 01 FE 01 FC 03 F9 07 80 C0 C0 C0 C0 C0 C0 C0 C0 C0 C0 C0 C0 C0 80 C0 00 00 00 00 00 00 00 00 00 00 00 00 00 00 00 00 00 00 00 00 00 00 00 00 00 00 00 00 00 00 00 00 00 00 00 00 00 00 00 00 00 00 00 00 00 00 00 00 BD BF 81 00
88 33 04 00 80 02 00 00 00 00 00 00 00 00 00 00 00 00 00 00 00 00 00 00 00 00 00 00 00 00 00 00 00 00 00 00 00 00 00 00 00 00 00 00 00 00 00 00 00 00 00 00 00 00 00 00 00 00 00 00 00 00 00 00 00 00 00 00 00 00 05 0E 0E 07 07 03 02 01 00 00 00 00 00 00 00 00 FF 00 FF 00 BD C3 FF FF BF 7F 01 01 00 00 00 00 FF 00 FF 00 EF F0 FB FC 9F FE 87 FF 83 FF C7 FF FE 07 FA 07 FF 03 FD 03 FF 01 FF 01 FF 01 FF 01 00 FF 00 FF 00 FF 00 FF 07 F8 30 C0 80 00 00 00 00 FF 00 FF 00 FF 00 FF 00 00 00 00 00 00 00 00 00 FF 00 FF 00 FF 00 FF E0 1F 0C 03 01 00 00 00 00 FF 00 FF 00 FF 00 FF 00 FF 00 FF 80 7F 30 0F 00 FF 00 FF 00 FF 00 FF 00 FF 00 FF 00 FF 00 FF 06 FF 07 FE 0D FE 0F FC 1B FC 17 F8 3B FC 7D FE FF 00 F0 0F F8 07 FC 03 FE 01 FE 01 FC 03 F8 07 E1 1F 03 FF 07 FF FC FE 74 F8 70 E0 60 E0 40 E0 C0 80 00 80 00 00 00 00 00 00 00 00 00 00 00 00 00 00 00 00 00 00 00 00 00 00 00 00 00 00 00 00 00 00 00 00 00 00 00 00 00 00 00 00 00 00 00 00 00 00 00 00 00 00 00 00 00 00 00 00 00 00 00 00 00 00 00 00 00 00 00 00 00 00 00 00 00 00 00 00 00 00 00 00 00 00 00 00 00 00 00 00 00 00 00 00 00 00 00 00 00 00 00 00 00 00 00 00 00 00 00 00 00 00 00 00 00 00 00 00 00 00 00 00 00 00 00 00 00 00 00 00 00 00 00 00 00 00 00 00 00 00 00 00 00 00 02 01 03 07 07 0E 07 0E 07 0E 07 0F 03 07 FD FE F7 F8 7F 80 FF 00 FF 00 FF 00 FF 00 BE C1 FD 03 FE 03 FB 06 F6 0E EE 1C DC 38 B8 70 D0 E0 00 00 00 00 00 00 00 00 00 00 00 00 00 00 00 00 00 00 00 00 00 00 00 00 00 00 00 00 00 00 00 00 00 00 00 00 00 00 00 00 00 00 00 00 00 00 00 00 04 03 01 00 00 00 00 00 00 00 00 00 00 00 02 01 00 FF 01 FF 43 3F 27 1E 1E 0C 3C 18 B8 70 C0 E0 DF E7 C1 83 81 00 00 00 00 00 00 00 00 00 00 00 00 FF C1 FF 7F FF 5D 3E 00 00 00 00 00 00 00 00 E0 C0 C0 80 80 00 00 00 00 00 00 00 00 00 00 00 00 00 00 00 00 00 00 00 00 00 00 00 00 00 00 00 00 00 00 00 00 00 00 00 00 00 00 00 00 00 00 00 00 00 00 00 00 00 00 00 00 00 00 00 00 00 00 00 00 00 00 00 00 00 00 00 00 00 00 00 00 00 00 00 D4 7C 81 00
88 33 04 00 80 02 00 00 00 00 00 00 00 00 00 00 00 00 00 00 00 00 00 00 00 00 00 00 00 00 00 00 00 00 00 00 00 00 00 00 00 00 00 00 00 00 00 00 00 00 00 00 00 00 00 00 00 00 00 00 00 00 00 00 00 00 00 00 00 00 00 00 00 00 00 00 00 00 00 00 00 00 00 00 00 00 02 01 00 00 00 00 00 00 00 00 00 00 00 00 00 00 FF FF 5F 3F 00 00 00 00 00 00 00 00 00 00 00 00 E8 F0 FA FC 2F 1F 05 03 00 00 00 00 00 00 00 00 00 00 00 00 90 E0 FC FF 5F 3F 0C 03 00 00 00 00 00 00 00 00 00 00 FF 00 FF FF 00 FF 00 00 00 00 00 00 00 00 02 01 CF 3F FD FE 18 E0 00 00 00 00 0B 07 5D 3E F4 F8 A0 C0 00 00 00 00 00 00 00 00 40 80 00 00 00 00 00 00 00 00 00 00 00 00 00 00 00 00 00 00 00 00 00 00 00 00 00 00 00 00 00 00 00 00 00 00 00 00 00 00 00 00 00 00 00 00 00 00 00 00 00 00 00 00 00 00 00 00 00 00 00 00 00 00 00 00 00 00 00 00 00 00 00 00 00 00 00 00 00 00 00 00 00 00 00 00 00 00 00 00 00 00 00 00 00 00 00 00 00 00 00 00 00 00 00 00 00 00 00 00 00 00 00 00 00 00 00 00 00 00 00 00 00 00 00 00 00 00 00 00 00 00 00 00 00 00 00 00 00 00 00 00 00 00 00 00 00 00 00 00 00 00 00 00 00 00 00 00 00 00 00 00 00 00 00 00 00 00 00 00 00 00 00 00 00 00 00 00 00 00 00 00 00 00 00 00 00 00 00 00 00 00 00 00 00 00 00 00 00 00 00 00 00 00 00 00 00 00 00 00 00 00 00 00 00 00 00 00 00 00 00 00 00 00 00 00 00 00 00 00 00 00 00 00 00 00 00 00 00 00 00 00 00 00 00 00 00 00 00 00 00 00 00 00 00 00 00 00 00 00 00 00 00 00 00 00 00 00 00 00 00 00 00 00 00 00 00 00 00 00 00 00 00 00 00 00 00 00 00 00 00 00 00 00 00 00 00 00 00 00 00 00 00 00 00 00 00 00 00 00 00 00 00 00 00 00 00 00 00 00 00 00 00 00 00 00 00 00 00 00 00 00 00 00 00 00 00 00 00 00 00 00 00 00 00 00 00 00 00 00 00 00 00 00 00 00 00 00 00 00 00 00 00 00 00 00 00 00 00 00 00 00 00 00 00 00 00 00 00 00 00 00 00 00 00 00 00 00 00 00 00 00 00 00 00 00 00 00 00 00 00 00 00 00 00 00 00 00 00 00 00 00 00 00 00 00 00 00 00 00 00 00 00 00 00 00 00 00 00 00 00 00 00 00 00 00 00 00 00 00 00 00 00 00 00 00 00 00 1A 18 81 00
88 33 04 00 80 02 00 00 00 00 00 00 00 00 00 00 00 00 00 00 00 00 00 00 00 00 00 00 00 00 00 00 00 00 00 00 00 00 00 00 00 00 00 00 00 00 00 00 00 00 00 00 00 00 00 00 00 00 00 00 00 00 00 00 00 00 00 00 00 00 00 00 00 00 00 00 00 00 00 00 00 00 00 00 00 00 00 00 00 00 00 00 00 00 00 00 00 00 00 00 00 00 00 00 00 00 00 00 00 00 00 00 00 00 00 00 00 00 00 00 00 00 00 00 00 00 00 00 00 00 00 00 00 00 00 00 00 00 00 00 00 00 00 00 00 00 00 00 00 00 00 00 00 00 00 00 00 00 00 00 00 00 00 00 00 00 00 00 00 00 00 00 00 00 00 00 00 00 00 00 00 00 00 00 00 00 00 00 00 00 00 00 00 00 00 00 00 00 00 00 00 00 00 00 00 00 00 00 00 00 00 00 00 00 00 00 00 00 00 00 00 00 00 00 00 00 00 00 00 00 00 00 00 00 00 00 00 00 00 00 00 00 00 00 00 00 00 00 00 00 00 00 00 00 00 00 00 00 00 00 00 00 00 00 00 00 00 00 00 00 00 00 00 00 00 00 00 00 00 00 00 00 00 00 00 00 00 00 00 00 00 00 00 00 00 00 00 00 00 00 00 00 00 00 00 00 00 00 00 00 00 00 00 00 00 00 00 00 00 00 00 00 00 00 00 00 00 00 00 00 00 00 00 00 00 00 00 00 00 00 00 00 00 00 00 00 00 00 00 00 00 00 00 00 00 00 00 00 00 00 00 00 00 00 00 00 00 00 00 00 00 00 00 00 00 00 00 00 00 00 00 00 00 00 00 00 00 00 00 00 00 00 00 00 00 00 00 00 00 00 00 00 00 00 00 00 00 00 00 00 00 00 00 00 00 00 00 00 00 00 00 00 00 00 00 00 00 00 00 00 00 00 00 00 00 00 00 00 00 00 00 00 00 00 00 00 00 00 00 00 00 00 00 00 00 00 00 00 00 00 00 00 00 00 00 00 00 00 00 00 00 00 00 00 00 00 00 00 00 00 00 00 00 00 00 00 00 00 00 00 00 00 00 00 00 00 00 00 00 00 00 00 00 00 00 00 00 00 00 00 00 00 00 00 00 00 00 00 00 00 00 00 00 00 00 00 00 00 00 00 00 00 00 00 00 00 00 00 00 00 00 00 00 00 00 00 00 00 00 00 00 00 00 00 00 00 00 00 00 00 00 00 00 00 00 00 00 00 00 00 00 00 00 00 00 00 00 00 00 00 00 00 00 00 00 00 00 00 00 00 00 00 00 00 00 00 00 00 00 00 00 00 00 00 00 00 00 00 00 00 00 00 00 00 00 00 00 00 00 00 00 00 00 00 00 00 00 00 00 00 00 00 00 00 00 00 00 00 00 00 00 00 00 00 00 00 86 00 81 00
88 33 04 00 00 00 04 00 81 00
88 33 02 00 04 00 01 13 E4 7F 7D 01 81 04
88 33 0F 00 00 00 0F 00 81 04
88 33 0F 00 00 00 0F 00 81 04
88 33 0F 00 00 00 0F 00 81 06
88 33 0F 00 00 00 0F 00 81 06
88 33 0F 00 00 00 0F 00 81 06
88 33 0F 00 00 00 0F 00 81 06
88 33 0F 00 00 00 0F 00 81 06
88 33 0F 00 00 00 0F 00 81 06
88 33 0F 00 00 00 0F 00 81 06
88 33 0F 00 00 00 0F 00 81 06
88 33 0F 00 00 00 0F 00 81 06

// Timed Out (Memory Waterline: 6B out of 650B)
