88 33 01 00 00 00 01 00 81 00
// GAMEBOY PRINTER Packet Capture V3 (Brian Khuu 2020)
// Note: Each byte is from each GBP packet is from the gameboy
//       except for the last two bytes which is from the printer
// JS Raw Packet Decoder: https://mofosyne.github.io/arduino-gameboy-printer-emulator/GameBoyPrinterDecoderJS/gameboy_printer_js_raw_decoder.html
// --- GNU GENERAL PUBLIC LICENSE Version 3, 29 June 2007 ---
// This program comes with ABSOLUTELY NO WARRANTY;
// This is free software, and you are welcome to redistribute it
// under certain conditions. Refer to LICENSE file for detail.
// ---
88 33 01 00 00 00 01 00 81 00
88 33 04 00 80 02 00 00 00 00 00 00 00 00 00 00 00 00 00 00 00 00 00 00 00 00 00 00 00 00 00 00 00 00 00 00 00 00 00 00 00 00 00 00 00 00 00 00 00 00 00 00 00 00 00 00 00 00 00 00 00 00 00 00 00 00 00 00 00 00 00 00 00 00 00 00 00 00 00 00 00 00 00 00 00 00 00 00 00 00 00 00 00 00 00 00 00 00 00 00 00 00 00 00 00 00 00 00 00 00 00 00 00 00 00 00 00 00 00 00 00 00 00 00 00 00 00 00 00 00 00 00 00 00 00 00 00 00 00 07 07 0F 0C 1F 18 3C 10 38 10 38 00 00 00 00 00 FF FF FF 00 FF 00 00 00 00 00 00 00 00 00 00 00 FF FF FF 00 FF 00 00 00 00 00 00 00 00 00 00 00 FF FF FF 00 FF 00 00 00 00 00 00 00 00 00 00 00 FF FF FF 00 FF 00 00 00 00 00 00 00 00 00 00 00 00 00 00 00 00 00 00 00 00 00 00 00 00 10 10 30 30 10 10 10 10 10 10 10 10 38 38 00 00 00 00 00 FF FF FF 00 FF 00 00 00 00 00 00 00 00 00 00 00 FF FF FF 00 FF 00 00 00 00 00 00 00 00 00 00 00 FF FF FF 00 FF 00 00 00 00 00 00 00 00 00 00 00 FF FF FF 00 FF 00 00 00 00 00 00 00 00 00 00 00 C0 C0 E0 60 F0 30 78 10 38 10 38 00 00 00 00 00 00 00 00 00 00 00 00 00 00 00 00 00 00 00 00 00 00 00 00 00 00 00 00 00 00 00 00 00 00 00 00 00 00 00 00 00 00 00 00 00 00 00 00 00 00 00 00 00 00 00 00 00 00 00 00 00 00 00 00 00 00 00 00 00 00 00 00 00 00 00 00 00 00 00 00 00 00 00 00 00 00 00 00 00 00 00 00 00 00 00 00 00 00 00 00 00 00 00 00 00 00 00 00 00 00 00 00 00 00 00 00 00 00 00 00 00 00 00 00 00 00 00 00 10 38 10 38 10 38 10 38 10 38 10 38 10 38 10 38 00 00 00 00 00 00 00 00 00 00 00 00 00 00 00 00 00 00 00 00 00 00 00 00 00 00 00 00 00 00 00 00 00 00 00 00 00 00 00 00 00 00 00 00 00 00 00 00 00 00 00 00 00 00 00 00 00 00 00 00 00 00 00 00 00 00 00 00 00 00 00 00 00 00 00 00 00 00 00 00 00 00 00 00 00 00 00 00 00 00 00 00 00 00 00 00 00 00 00 00 00 00 00 00 00 00 00 00 00 00 00 00 00 00 00 00 00 00 00 00 00 00 00 00 00 00 00 00 00 00 00 00 00 00 00 00 00 00 00 00 00 00 00 00 00 00 00 00 00 00 00 00 00 00 00 00 00 00 00 00 10 38 10 38 10 38 10 38 10 38 10 38 10 38 10 38 6A 2C 81 00
88 33 04 00 80 02 00 00 00 00 00 00 00 00 00 00 00 01 00 01 01 02 00 00 00 00 00 00 00 00 00 00 00 F8 00 86 C0 31 00 00 00 00 00 00 00 00 00 00 00 00 00 00 00 00 00 00 00 00 00 00 00 00 00 00 00 00 00 00 00 00 00 00 00 00 00 00 00 00 00 00 00 00 00 00 00 00 00 00 00 00 00 00 00 00 00 00 00 00 00 00 00 00 00 00 00 00 00 00 00 00 00 00 00 00 00 00 00 00 00 00 00 00 00 00 00 00 00 00 00 00 00 00 00 00 10 38 10 38 10 38 10 38 10 38 10 38 10 38 10 38 00 00 00 00 00 00 00 00 00 00 00 00 00 00 00 00 28 28 7E 7E C8 C8 5C 5C 6A 6A 7E 7E 49 49 48 48 00 00 00 00 00 00 00 00 00 00 00 00 00 00 00 00 10 10 10 10 7E 7E 12 12 12 12 22 22 22 22 46 46 00 00 00 00 00 00 00 00 00 00 00 00 00 00 00 00 00 00 00 00 18 18 18 18 00 00 18 18 18 18 00 00 10 10 10 10 FE FE 7C 7C 38 38 7C 7C EE EE 00 00 10 10 10 10 FE FE 7C 7C 38 38 7C 7C EE EE 00 00 10 10 10 10 FE FE 7C 7C 38 38 7C 7C EE EE 00 00 00 00 00 00 00 00 00 00 00 00 00 00 00 00 00 00 10 38 10 38 10 38 10 38 10 38 10 38 10 38 10 38 00 00 00 03 01 02 00 02 00 01 00 01 00 00 00 00 38 44 06 E1 E1 18 18 26 06 09 01 F2 E0 1F 1C A3 C0 00 30 00 88 50 66 98 13 6D 89 76 67 9A 1B E5 00 03 00 09 00 67 07 18 B1 4E CC B3 FF 40 FF BC 00 80 00 E0 C2 34 B1 4E 68 97 94 6B CE 31 FF 00 00 00 00 00 00 00 00 00 80 00 80 40 40 A0 E0 18 00 00 00 00 00 00 00 00 00 00 00 00 00 00 00 00 00 00 00 00 00 00 00 00 00 00 00 00 00 00 00 00 10 38 10 38 10 38 10 38 10 38 10 38 10 38 10 38 00 00 00 00 00 00 00 00 00 00 00 00 00 00 00 00 00 00 00 00 00 00 00 00 00 00 00 00 00 00 00 00 00 00 00 00 00 00 00 00 00 00 00 00 00 00 00 00 00 00 00 00 00 00 00 00 00 00 00 00 00 00 00 00 00 00 00 00 00 00 00 00 00 00 00 00 00 00 00 00 00 00 00 00 00 00 00 00 00 00 00 00 00 00 00 00 00 00 00 00 00 00 00 00 00 00 00 00 00 00 00 00 00 00 00 00 00 00 00 00 00 00 00 00 00 00 00 00 00 00 00 00 00 00 00 00 00 00 00 00 00 00 00 00 00 00 00 00 00 00 00 00 00 00 00 00 00 00 00 00 10 38 10 38 10 38 10 38 10 38 10 38 10 38 10 38 5D 45 81 08
88 33 04 00 80 02 00 00 00 00 00 00 00 00 00 00 00 00 01 00 00 01 03 E4 C0 3F 38 C7 07 A8 00 75 00 7F FC 03 03 D4 C7 38 3F C7 07 F8 0F F3 FF 00 07 FB 1F E0 E3 1C FF FF FF F0 F8 67 FC E3 FF 60 FF F0 FF 79 FF FF FF E0 F0 0F 07 F8 03 FC FF 00 FF 00 FF C3 80 80 FF 00 00 FF E0 1F FC C3 FA 75 F1 CE F8 C7 FE E1 80 00 00 F0 00 8C 00 E3 80 78 50 AF A2 5A 03 FB 00 00 00 00 00 00 00 00 00 80 00 E0 00 F0 08 F0 10 38 10 38 10 38 10 38 10 38 10 38 10 38 10 38 00 00 FE FE 04 04 08 08 10 10 10 10 08 08 04 04 00 00 84 84 82 82 82 82 82 82 82 82 A2 A2 40 40 00 00 78 78 04 04 04 04 00 00 80 80 80 80 7C 7C 30 30 00 00 78 78 84 84 04 04 04 04 08 08 10 10 10 10 10 10 7E 7E 12 12 12 12 22 22 22 22 46 46 00 00 00 00 18 18 18 18 00 00 18 18 18 18 00 00 10 10 10 10 FE FE 7C 7C 38 38 7C 7C EE EE 00 00 10 10 10 10 FE FE 7C 7C 38 38 7C 7C EE EE 00 00 00 00 00 00 00 00 00 00 00 00 00 00 00 00 00 00 00 00 00 00 00 00 00 00 00 00 00 00 00 00 00 00 10 38 10 38 10 38 10 38 10 38 10 38 10 38 10 38 01 00 00 00 00 00 00 01 01 00 00 00 00 00 00 00 C0 3A 30 4F 0F 30 06 F9 F8 04 00 0B 01 1E 0E 30 0F F0 73 8C 87 78 0B 74 13 EC 65 9A 89 37 11 EE FF 3F FE 5E FC BC F8 68 F8 58 F0 90 E0 20 60 A0 00 00 00 00 00 00 00 00 00 00 00 00 00 00 00 00 7F F8 3F 7E 55 7F 20 30 00 00 00 00 00 00 00 00 C0 3F FF 00 F0 F0 00 00 00 00 00 00 00 00 00 00 38 C8 F0 30 00 00 00 00 00 00 00 00 00 00 00 00 10 38 10 38 10 38 10 38 10 38 10 38 10 38 10 38 00 00 00 00 00 00 00 00 00 00 00 00 00 00 00 00 00 00 00 00 00 00 00 00 00 00 00 00 00 00 00 00 00 00 00 00 00 00 00 00 00 00 00 00 00 00 00 00 00 00 00 00 00 00 00 00 00 00 00 00 00 00 00 00 00 00 00 00 00 00 00 00 00 00 00 00 0A 0A 05 05 00 00 00 00 00 00 00 00 00 00 00 00 00 00 00 00 00 00 00 00 00 00 00 00 00 00 00 00 00 00 00 00 00 00 00 00 00 00 00 00 00 00 00 00 00 00 00 00 00 00 00 00 00 00 00 00 00 00 00 00 00 00 00 00 00 00 00 00 00 00 00 00 00 00 00 00 00 00 00 00 10 38 10 38 10 38 10 38 10 38 10 38 10 38 10 38 83 84 81 08
88 33 04 00 80 02 00 00 00 00 00 00 00 00 00 00 00 00 00 00 00 00 30 CB 00 03 01 06 06 39 18 05 00 03 00 07 07 00 22 DD 44 9B 89 36 13 6C 26 D8 4A 94 94 28 14 68 C0 40 80 00 80 00 00 00 00 00 00 00 00 00 00 00 00 00 00 00 00 00 00 00 00 00 00 00 00 00 00 00 00 00 00 00 00 00 00 00 00 00 00 00 00 00 00 00 00 00 00 00 00 00 00 00 00 00 00 00 00 00 00 00 00 00 00 00 00 00 00 00 00 00 00 00 00 00 00 00 10 38 10 38 10 38 10 38 10 38 10 38 10 38 10 38 08 08 10 10 20 20 40 40 40 40 20 20 10 10 08 08 30 30 00 00 78 78 84 84 04 04 04 04 08 08 10 10 10 10 08 08 00 00 10 10 4A 4A 8A 8A 88 88 30 30 08 08 10 10 20 20 40 40 40 40 20 20 10 10 08 08 40 40 40 40 4C 4C 30 30 40 40 80 80 80 80 7C 7C 00 00 00 00 18 18 18 18 00 00 18 18 18 18 00 00 00 00 00 00 00 00 00 00 00 00 00 00 00 00 00 00 00 00 00 00 00 00 00 00 00 00 00 00 00 00 00 00 00 00 00 00 00 00 00 00 00 00 00 00 00 00 00 00 00 00 00 00 00 00 00 00 00 00 00 00 00 00 00 00 10 38 10 38 10 38 10 38 10 38 10 38 10 38 10 38 00 00 00 00 00 00 00 00 00 00 00 00 00 00 00 00 00 00 00 01 01 00 00 00 00 00 00 00 00 00 00 00 28 D0 50 A0 90 20 20 40 C0 00 00 00 00 00 00 00 00 00 00 00 00 00 00 00 00 00 00 00 00 00 00 00 00 00 00 00 00 00 00 00 00 00 00 00 00 00 00 00 00 00 00 00 00 00 00 00 00 00 00 00 00 00 00 00 00 00 00 00 00 00 00 00 00 00 00 00 00 00 00 00 00 00 00 00 00 00 00 00 00 00 00 00 00 00 00 00 10 38 10 38 10 38 10 38 10 38 10 38 10 38 10 38 00 00 00 00 00 00 00 00 00 00 00 00 00 00 00 00 00 00 00 00 00 00 00 00 00 00 00 00 00 00 00 00 00 00 00 00 00 00 00 00 00 00 00 00 00 00 00 00 00 00 00 00 00 00 00 00 00 00 00 00 00 00 00 00 00 00 00 00 00 00 00 00 00 00 00 00 00 00 00 00 00 00 00 00 00 00 00 00 00 00 00 00 00 00 00 00 00 00 00 00 00 00 00 00 00 00 00 00 00 00 00 00 00 00 00 00 00 00 00 00 00 00 00 00 00 00 00 00 00 00 00 00 00 00 00 00 00 00 00 00 00 00 00 00 00 00 00 00 00 00 00 00 00 00 00 00 00 00 00 00 10 38 10 38 10 38 10 38 10 38 10 38 10 38 10 38 D2 26 81 08
88 33 04 00 80 02 00 00 00 00 00 00 00 00 00 00 00 00 00 00 00 00 00 00 00 00 00 00 00 00 00 00 00 00 00 00 00 00 00 00 00 00 00 00 00 00 00 00 00 00 00 00 00 00 00 00 00 00 00 00 00 00 00 00 00 00 00 00 00 00 00 00 00 00 00 00 00 00 00 00 00 00 00 00 00 00 00 00 00 00 00 00 00 00 00 00 00 00 00 00 00 00 00 00 00 00 00 00 00 00 00 00 00 00 00 00 00 00 00 00 00 00 00 00 00 00 00 00 00 00 00 00 00 00 10 38 10 38 10 38 10 38 10 38 10 38 10 38 10 38 00 00 00 00 00 00 00 00 00 00 00 00 00 00 00 00 00 00 00 00 00 00 00 00 00 00 00 00 00 00 00 00 00 00 30 30 48 48 48 48 10 10 48 48 48 48 30 30 00 00 78 78 48 48 08 08 10 10 20 20 20 20 20 20 00 00 18 18 28 28 28 28 48 48 48 48 7C 7C 08 08 7C 7C 44 44 44 44 7C 7C 44 44 44 44 44 44 7C 7C 00 00 00 00 00 00 00 00 00 00 00 00 00 00 00 00 00 00 00 00 00 00 00 00 00 00 00 00 00 00 00 00 00 00 00 00 00 00 00 00 00 00 00 00 00 00 00 00 00 00 00 00 00 00 00 00 00 00 00 00 00 00 00 00 10 38 10 38 10 38 10 38 10 38 10 38 10 38 10 38 00 00 00 00 00 00 00 00 00 00 00 00 00 00 00 00 00 00 00 00 00 00 00 00 00 00 00 00 00 00 00 00 00 00 00 00 00 00 00 00 00 00 00 00 00 00 00 00 00 00 00 00 00 00 00 00 00 00 00 00 00 00 00 00 00 00 00 00 00 00 00 00 00 00 00 00 00 00 00 00 00 00 00 00 00 00 00 00 00 00 00 00 00 00 00 00 00 00 00 00 00 00 00 00 00 00 00 00 00 00 00 00 00 00 00 00 00 00 00 00 00 00 00 00 00 00 00 00 10 38 18 3C 0C 1F 07 0F 00 07 00 00 00 00 00 00 00 00 00 00 00 FF FF FF 00 FF 00 00 00 00 00 00 00 00 00 00 00 FF FF FF 00 FF 00 00 00 00 00 00 00 00 00 00 00 FF FF FF 00 FF 00 00 00 00 00 00 00 00 00 00 00 FF FF FF 00 FF 00 00 00 00 00 00 00 00 00 00 00 FF FF FF 00 FF 00 00 00 00 00 00 00 00 00 00 00 FF FF FF 00 FF 00 00 00 00 00 00 00 00 00 00 00 FF FF FF 00 FF 00 00 00 00 00 00 00 00 00 00 00 FF FF FF 00 FF 00 00 00 00 00 00 00 00 00 00 00 FF FF FF 00 FF 00 00 00 00 00 00 00 00 00 00 00 FF FF FF 00 FF 00 00 00 00 00 00 10 38 30 78 60 F0 C0 E0 00 C0 00 00 00 00 00 00 7A 40 81 08
88 33 04 00 80 02 00 00 00 00 00 07 07 0F 0C 1F 18 3C 10 38 10 38 00 00 00 00 00 FF FF FF 00 FF 00 00 00 00 00 00 00 00 00 00 00 FF FF FF 00 FF 00 00 00 00 00 00 00 00 00 00 00 FF FF FF 00 FF 00 00 00 00 00 00 00 00 00 00 00 FF FF FF 00 FF 00 00 00 00 00 00 00 00 00 00 00 FF FF FF 00 FF 00 00 00 00 00 00 00 00 00 00 00 FF FF FF 00 FF 00 00 00 00 00 00 00 00 00 00 00 FF FF FF 00 FF 00 00 00 00 00 00 00 00 00 00 00 FF FF FF 00 FF 00 00 00 00 00 00 00 00 00 00 00 FF FF FF 00 FF 00 00 00 00 00 00 00 00 00 00 00 FF FF FF 00 FF 00 00 00 00 00 00 00 00 00 00 00 FF FF FF 00 FF 00 00 00 00 00 00 00 00 00 00 00 FF FF FF 00 FF 00 00 00 00 00 00 00 00 00 00 00 FF FF FF 00 FF 00 00 00 00 00 00 00 00 00 00 00 FF FF FF 00 FF 00 00 00 00 00 00 00 00 00 00 00 FF FF FF 00 FF 00 00 00 00 00 00 00 00 00 00 00 FF FF FF 00 FF 00 00 00 00 00 00 00 00 00 00 00 FF FF FF 00 FF 00 00 00 00 00 00 00 00 00 00 00 FF FF FF 00 FF 00 00 00 00 00 00 00 00 00 00 00 C0 C0 E0 60 F0 30 78 10 38 10 38 10 38 10 38 10 38 10 38 10 38 10 38 10 38 10 38 00 00 00 00 00 00 00 00 00 00 02 02 05 05 02 02 00 00 00 00 00 00 00 00 00 00 00 00 00 00 00 00 00 00 00 00 00 00 00 00 00 00 00 00 00 00 00 00 00 00 00 00 00 00 00 00 00 00 00 00 00 00 00 00 00 00 00 00 00 00 00 00 00 00 02 02 05 05 02 02 00 00 00 00 00 00 00 00 00 00 00 00 00 00 00 00 00 00 00 00 00 00 00 00 00 00 00 00 0A 0A 05 05 00 00 00 00 00 00 00 00 00 00 00 00 00 00 00 00 00 00 00 00 00 00 00 00 00 00 02 02 05 05 02 02 00 00 00 00 00 00 00 00 00 00 00 00 00 00 00 00 00 00 00 00 00 00 00 00 00 00 00 00 00 00 00 00 00 00 00 00 00 00 00 00 00 00 00 00 00 00 00 00 00 00 00 00 00 00 00 00 00 00 00 00 00 00 00 00 00 00 00 00 00 00 00 00 00 00 00 00 00 00 00 00 00 00 00 00 00 00 00 00 00 00 00 00 00 00 00 00 00 00 00 00 00 00 00 00 00 00 00 00 00 00 00 00 00 00 00 00 00 00 00 00 00 00 00 00 00 00 00 00 00 00 00 00 00 00 00 00 00 00 00 00 00 00 00 00 10 38 10 38 10 38 10 38 10 38 10 38 10 38 10 38 26 53 81 08
88 33 04 00 80 02 10 38 10 38 10 38 10 38 10 38 10 38 10 38 10 38 00 00 18 18 08 08 44 44 44 44 42 42 82 82 82 82 02 02 02 02 04 04 18 18 E8 E8 08 08 08 08 08 08 08 08 08 08 FE FE 08 08 08 08 08 08 10 10 60 60 00 00 00 00 00 00 50 50 50 50 04 04 04 04 78 78 00 00 FE FE 02 02 02 02 02 02 02 02 04 04 F8 F8 00 00 48 48 48 48 48 48 48 48 49 49 89 89 8E 8E 00 00 7E 7E 42 42 42 42 82 82 02 02 04 04 38 38 00 00 00 00 00 00 50 50 50 50 04 04 04 04 78 78 00 00 80 80 8E 8E F0 F0 80 80 80 80 80 80 7E 7E 00 00 00 00 00 00 00 00 7C 7C 00 00 00 00 00 00 00 00 00 00 00 00 00 00 00 00 00 00 00 00 00 00 00 00 00 00 00 00 00 00 00 00 00 00 00 00 00 00 00 00 00 00 00 00 00 00 00 00 00 00 00 00 00 00 00 00 00 00 00 00 00 00 00 00 00 00 00 00 00 00 00 00 00 00 00 00 00 00 00 00 00 00 00 00 00 00 00 00 00 00 00 00 00 00 00 00 00 00 00 00 00 00 00 00 00 00 00 00 00 00 00 00 00 00 00 00 00 00 00 00 00 00 00 00 00 00 00 00 00 00 00 00 00 00 10 38 10 38 10 38 10 38 10 38 10 38 10 38 10 38 10 38 10 38 10 38 10 38 10 38 10 38 10 38 10 38 00 00 00 00 00 00 00 00 00 00 00 00 00 00 00 00 00 00 00 00 00 00 00 00 00 00 00 00 00 00 00 00 00 00 00 00 00 00 00 00 00 00 00 00 00 00 00 00 00 00 00 00 00 00 00 00 00 00 00 00 00 00 00 00 00 00 00 00 00 00 00 00 00 00 00 00 00 00 00 00 00 00 00 00 00 00 00 00 00 00 00 00 00 00 00 00 00 00 00 00 00 00 00 00 00 00 00 00 00 00 00 00 00 00 00 00 00 00 00 00 00 00 00 00 00 00 00 00 00 00 00 00 00 00 00 00 00 00 00 00 00 00 00 00 00 00 00 00 00 00 00 00 00 00 00 00 00 00 00 00 00 00 00 00 00 00 00 00 00 00 00 00 00 00 00 00 00 00 00 00 00 00 00 00 00 00 00 00 00 00 00 00 00 00 00 00 00 00 00 00 00 00 00 00 00 00 00 00 00 00 00 00 00 00 00 00 00 00 00 00 00 00 00 00 00 00 00 00 00 00 00 00 00 00 00 00 00 00 00 00 00 00 00 00 00 00 00 00 00 00 00 00 00 00 00 00 00 00 00 00 00 00 00 00 00 00 00 00 00 00 00 00 00 00 00 00 00 00 00 00 00 00 00 00 00 00 00 00 10 38 10 38 10 38 10 38 10 38 10 38 10 38 10 38 C6 2C 81 0C
88 33 04 00 80 02 10 38 10 38 10 38 10 38 10 38 10 38 10 38 10 38 08 08 08 08 FE FE 08 08 18 18 28 28 C8 C8 18 18 00 00 FE FE 02 02 04 04 04 04 08 08 3C 3C C2 C2 00 00 00 00 00 00 00 00 00 00 00 00 00 00 00 00 00 00 00 00 00 00 00 00 00 00 00 00 00 00 00 00 00 00 00 00 00 00 00 00 00 00 00 00 00 00 00 00 00 00 00 00 00 00 00 00 00 00 00 00 00 00 00 00 00 00 00 00 00 00 00 00 00 00 00 00 00 00 00 00 00 00 00 00 00 00 00 00 00 00 00 00 00 00 00 00 00 00 00 00 00 00 00 00 00 00 00 00 00 00 00 00 00 00 00 00 00 00 00 00 00 00 00 00 00 00 00 00 00 00 00 00 00 00 00 00 00 00 00 00 00 00 00 00 00 00 00 00 00 00 00 00 00 00 00 00 00 00 00 00 00 00 00 00 00 00 00 00 00 00 00 00 00 00 00 00 00 00 00 00 00 00 00 00 00 00 00 00 00 00 00 00 00 00 00 00 00 00 00 00 00 00 00 00 00 00 00 00 00 00 00 00 00 00 00 00 00 00 00 00 00 00 00 00 00 00 00 00 00 00 00 00 00 00 00 00 00 00 00 00 00 00 00 00 00 00 00 00 00 00 00 00 00 00 00 00 10 38 10 38 10 38 10 38 10 38 10 38 10 38 10 38 10 38 10 38 10 38 10 38 10 38 10 38 10 38 10 38 00 00 00 00 00 00 00 00 00 00 00 00 00 00 00 00 00 00 00 00 00 00 00 00 00 00 00 00 00 00 00 00 00 00 00 00 00 00 00 00 00 00 00 00 00 00 00 00 00 00 00 00 00 00 00 00 00 00 00 00 00 00 00 00 00 00 00 00 00 00 00 00 00 00 00 00 00 00 00 00 00 00 00 00 00 00 00 00 00 00 00 00 00 00 00 00 00 00 00 00 00 00 00 00 00 00 00 00 00 00 00 00 00 00 00 00 00 00 00 00 00 00 00 00 00 00 00 00 00 00 00 00 00 00 00 00 00 00 00 00 00 00 00 00 00 00 00 00 00 00 00 00 00 00 00 00 00 00 00 00 00 00 00 00 00 00 00 00 00 00 00 00 00 00 00 00 00 00 00 00 00 00 00 00 00 00 00 00 00 00 00 00 00 00 00 00 00 00 00 00 00 00 00 00 00 00 00 00 00 00 00 00 00 00 00 00 00 00 00 00 00 00 00 00 00 00 00 00 00 00 00 00 00 00 00 00 00 00 00 00 00 00 00 00 00 00 00 00 00 00 00 00 00 00 00 00 00 00 00 00 00 00 00 00 00 00 00 00 00 00 00 00 00 00 00 00 00 00 00 00 00 00 00 00 00 00 00 00 10 38 10 38 10 38 10 38 10 38 10 38 10 38 10 38 0E 12 81 0C
88 33 04 00 80 02 10 38 10 38 10 38 10 38 10 38 10 38 10 38 10 38 00 00 00 00 00 00 00 00 00 00 00 00 00 00 00 00 00 00 00 00 00 00 00 00 00 00 00 00 00 00 00 00 00 00 00 00 00 00 00 00 00 00 00 00 00 00 00 00 00 00 00 00 00 00 00 00 00 00 00 00 00 00 00 00 00 00 00 00 00 00 00 00 00 00 00 00 00 00 00 00 00 00 00 00 00 00 00 00 00 00 00 00 00 00 00 00 00 00 00 00 00 00 00 00 00 00 00 00 00 00 00 00 00 00 00 00 00 00 00 00 00 00 00 00 00 00 00 00 00 00 00 00 00 00 00 00 00 00 00 00 00 00 00 00 00 00 00 00 00 00 00 00 00 00 00 00 00 00 00 00 00 00 00 00 00 00 00 00 00 00 00 00 00 00 00 00 00 00 00 00 00 00 00 00 00 00 00 00 00 00 00 00 00 00 00 00 00 00 00 00 00 00 00 00 00 00 00 00 00 00 00 00 00 00 00 00 00 00 00 00 00 00 00 00 00 00 00 00 00 00 00 00 00 00 00 00 00 00 00 00 00 00 00 00 00 00 00 00 00 00 00 00 00 00 00 00 00 00 00 00 00 00 00 00 00 00 00 00 00 00 00 00 00 00 00 00 00 00 00 00 00 00 00 00 00 00 00 00 10 38 10 38 10 38 10 38 10 38 10 38 10 38 10 38 10 38 18 3C 0C 1F 07 0F 00 07 00 00 00 00 00 00 00 00 00 00 00 FF FF FF 00 FF 00 00 00 00 00 00 00 00 00 00 00 FF FF FF 00 FF 00 00 00 00 00 00 00 00 00 00 00 FF FF FF 00 FF 00 00 00 00 00 00 00 00 00 00 00 FF FF FF 00 FF 00 00 00 00 00 00 00 00 00 00 00 FF FF FF 00 FF 00 00 00 00 00 00 00 00 00 00 00 FF FF FF 00 FF 00 00 00 00 00 00 00 00 00 00 00 FF FF FF 00 FF 00 00 00 00 00 00 00 00 00 00 00 FF FF FF 00 FF 00 00 00 00 00 00 00 00 00 00 00 FF FF FF 00 FF 00 00 00 00 00 00 00 00 00 00 00 FF FF FF 00 FF 00 00 00 00 00 00 00 00 00 00 00 FF FF FF 00 FF 00 00 00 00 00 00 00 00 00 00 00 FF FF FF 00 FF 00 00 00 00 00 00 00 00 00 00 00 FF FF FF 00 FF 00 00 00 00 00 00 00 00 00 00 00 FF FF FF 00 FF 00 00 00 00 00 00 00 00 00 00 00 FF FF FF 00 FF 00 00 00 00 00 00 00 00 00 00 00 FF FF FF 00 FF 00 00 00 00 00 00 00 00 00 00 00 FF FF FF 00 FF 00 00 00 00 00 00 00 00 00 00 00 FF FF FF 00 FF 00 00 00 00 00 00 10 38 30 78 60 F0 C0 E0 00 C0 00 00 00 00 00 00 42 52 81 0C
88 33 04 00 00 00 04 00 81 0C
88 33 02 00 04 00 01 13 E4 40 3E 01 81 04

// Timed Out (Memory Waterline: 6B out of 650B)
88 33 01 00 00 00 01 00 81 00
88 33 04 00 80 02 00 00 00 00 00 00 00 00 00 00 00 00 00 00 00 00 00 00 00 00 00 00 00 00 00 00 00 00 00 00 00 00 00 00 00 00 00 00 00 00 00 00 00 00 00 00 00 00 00 00 00 00 00 00 00 00 00 00 00 00 00 00 00 00 00 00 00 00 00 00 00 00 00 00 00 00 00 00 00 00 00 00 00 00 00 00 00 00 00 00 00 00 00 00 00 00 00 00 00 00 00 00 00 00 00 00 00 00 00 00 00 00 00 00 00 00 00 00 00 00 00 00 00 00 00 00 00 00 00 00 00 00 00 07 07 0F 0C 1F 18 3C 10 38 10 38 00 00 00 00 00 FF FF FF 00 FF 00 00 00 00 00 00 00 00 00 00 00 FF FF FF 00 FF 00 00 00 00 00 00 00 00 00 00 00 FF FF FF 00 FF 00 00 00 00 00 00 00 00 00 00 00 FF FF FF 00 FF 00 00 00 00 00 00 00 00 00 00 00 00 00 00 00 00 00 00 00 00 00 00 00 00 30 30 48 48 48 48 10 10 48 48 48 48 30 30 00 00 00 00 00 FF FF FF 00 FF 00 00 00 00 00 00 00 00 00 00 00 FF FF FF 00 FF 00 00 00 00 00 00 00 00 00 00 00 FF FF FF 00 FF 00 00 00 00 00 00 00 00 00 00 00 FF FF FF 00 FF 00 00 00 00 00 00 00 00 00 00 00 C0 C0 E0 60 F0 30 78 10 38 10 38 00 00 00 00 00 00 00 00 00 00 00 00 00 00 00 00 00 00 00 00 00 00 00 00 00 00 00 00 00 00 00 00 00 00 00 00 00 00 00 00 00 00 00 00 00 00 00 00 00 00 00 00 00 00 00 00 00 00 00 00 00 00 00 00 00 00 00 00 00 00 00 00 00 00 00 00 00 00 00 00 00 00 00 00 00 00 00 00 00 00 00 00 00 00 00 00 00 00 00 00 00 00 00 00 00 00 00 00 00 00 00 00 00 00 00 00 00 00 00 00 00 00 00 00 00 00 00 00 10 38 10 38 10 38 10 38 10 38 10 38 10 38 10 38 00 00 00 00 00 00 00 00 00 00 00 00 00 00 00 00 00 00 00 00 00 00 00 00 00 00 00 00 00 00 00 00 00 00 00 00 00 00 00 00 00 00 00 00 00 00 00 00 00 00 00 00 00 00 00 00 00 00 00 00 00 00 00 00 00 00 00 00 00 00 00 00 00 00 00 00 00 00 00 00 00 00 00 00 00 00 00 00 00 00 00 00 00 00 00 00 00 00 00 00 00 00 00 00 00 00 00 00 00 00 00 00 00 00 00 00 00 00 00 00 00 00 00 00 00 00 00 00 00 00 00 00 00 00 00 00 00 00 00 00 00 00 00 00 00 00 00 00 00 00 00 00 00 00 00 00 00 00 00 00 10 38 10 38 10 38 10 38 10 38 10 38 10 38 10 38 1A 2E 81 00
88 33 04 00 80 02 00 00 00 00 00 00 00 00 00 00 00 00 00 00 00 00 00 00 00 00 00 00 00 00 00 00 00 00 00 00 00 00 00 00 00 00 00 00 00 00 00 00 00 00 00 00 00 00 00 00 00 00 00 00 00 00 00 00 00 00 00 00 00 00 00 00 00 00 00 00 00 00 00 00 00 00 00 00 00 00 00 00 00 00 00 00 00 00 00 00 00 00 00 00 00 00 00 00 00 00 00 00 00 00 00 00 00 00 00 00 00 00 00 00 00 00 00 00 00 00 00 00 00 00 00 00 00 00 10 38 10 38 10 38 10 38 10 38 10 38 10 38 10 38 00 00 00 00 00 00 00 00 00 00 00 00 00 00 00 00 28 28 7E 7E C8 C8 5C 5C 6A 6A 7E 7E 49 49 48 48 00 00 00 00 00 00 00 00 00 00 00 00 00 00 00 00 10 10 10 10 7E 7E 12 12 12 12 22 22 22 22 46 46 00 00 00 00 00 00 00 00 00 00 00 00 00 00 00 00 00 00 00 00 18 18 18 18 00 00 18 18 18 18 00 00 10 10 10 10 FE FE 7C 7C 38 38 7C 7C EE EE 00 00 10 10 10 10 FE FE 7C 7C 38 38 7C 7C EE EE 00 00 00 00 00 00 00 00 00 00 00 00 00 00 00 00 00 00 00 00 00 00 00 00 00 00 00 00 00 00 00 00 00 00 10 38 10 38 10 38 10 38 10 38 10 38 10 38 10 38 00 00 00 00 00 00 00 00 00 00 00 00 00 00 00 00 00 00 00 00 00 00 00 00 00 00 00 00 00 00 00 00 00 00 00 00 00 00 00 00 00 00 00 00 00 00 00 00 00 00 00 00 00 00 00 00 00 00 00 00 07 00 00 08 00 00 00 00 00 00 00 00 00 00 00 F8 E1 1E 1F 67 00 00 00 00 00 00 00 00 00 00 02 03 FC 7F E0 FC 00 00 00 00 00 00 00 00 00 00 80 FF 00 83 06 37 00 00 00 00 00 00 00 00 00 00 08 F0 3C DC FC FC 10 38 10 38 10 38 10 38 10 38 10 38 10 38 10 38 00 00 00 00 00 00 00 00 00 00 00 00 00 00 00 00 00 00 00 00 00 00 00 00 00 00 00 00 00 00 00 00 00 00 00 00 00 00 00 00 00 00 00 00 00 00 00 00 00 00 00 00 00 00 00 00 00 00 00 00 00 00 00 00 00 00 00 00 00 00 00 00 00 00 00 00 00 00 00 00 00 00 00 00 00 00 00 00 00 00 00 00 00 00 00 00 00 00 00 00 00 00 00 00 00 00 00 00 00 00 00 00 00 00 00 00 00 00 00 00 00 00 00 00 00 00 00 00 00 00 00 00 00 00 00 00 00 00 00 00 00 00 00 00 00 00 00 00 00 00 00 00 00 00 00 00 00 00 00 00 10 38 10 38 10 38 10 38 10 38 10 38 10 38 10 38 83 2C 81 08
88 33 04 00 80 02 00 00 00 00 00 00 00 00 00 00 00 00 00 00 00 00 00 00 00 00 00 00 00 00 00 00 00 00 00 00 00 00 00 00 00 00 00 00 00 00 00 00 00 00 00 00 00 00 0F 00 00 0C 07 00 00 02 03 01 03 03 08 0F 00 3F F7 0B 1C 2F F0 3F 40 FF 80 FF 01 FE 07 FB 1F EF 00 FF 03 FD 0F F7 3F DF 7F BF FF FF FF F8 FE E1 F6 77 F9 F9 FF FF FF FC FF E0 FE 00 F8 00 F0 00 F8 FC F8 E0 F0 80 C0 00 80 00 00 00 00 00 00 00 10 38 10 38 10 38 10 38 10 38 10 38 10 38 10 38 00 00 FE FE 04 04 08 08 10 10 10 10 08 08 04 04 00 00 84 84 82 82 82 82 82 82 82 82 A2 A2 40 40 00 00 78 78 04 04 04 04 00 00 80 80 80 80 7C 7C 30 30 00 00 78 78 84 84 04 04 04 04 08 08 10 10 10 10 10 10 7E 7E 12 12 12 12 22 22 22 22 46 46 00 00 00 00 18 18 18 18 00 00 18 18 18 18 00 00 10 10 10 10 FE FE 7C 7C 38 38 7C 7C EE EE 00 00 10 10 10 10 FE FE 7C 7C 38 38 7C 7C EE EE 00 00 00 00 00 00 00 00 00 00 00 00 00 00 00 00 00 00 00 00 00 00 00 00 00 00 00 00 00 00 00 00 00 00 10 38 10 38 10 38 10 38 10 38 10 38 10 38 10 38 01 00 1E 0F 61 12 1F 20 00 08 07 00 00 01 00 00 E0 00 1C E0 E3 1C FF E0 03 7C FF 00 3F 58 C7 28 00 01 00 06 F8 3F FC 7F FF FE FF FE FF FE FF 7C 00 C7 03 0D 0F F7 3F FF FF 3E FF 00 FF 00 C1 01 7F BF FF FC FF E0 FF 80 FF 00 FF 00 F0 30 C0 C0 F1 82 C7 08 8C 30 10 E0 40 80 00 00 00 00 00 00 C0 00 00 00 00 00 00 00 00 00 00 00 00 00 00 00 00 00 00 00 00 00 00 00 00 00 00 00 00 00 00 00 10 38 10 38 10 38 10 38 10 38 10 38 10 38 10 38 00 00 00 00 00 00 00 00 00 00 00 00 00 00 00 00 00 00 00 00 00 00 00 00 00 00 00 00 00 00 00 00 00 00 00 00 00 00 00 00 00 00 00 00 00 00 00 00 00 00 00 00 00 00 00 00 00 00 00 00 00 00 00 00 00 00 00 00 00 00 00 00 00 00 00 00 0A 0A 05 05 00 00 00 00 00 00 00 00 00 00 00 00 00 00 00 00 00 00 00 00 00 00 00 00 00 00 00 00 00 00 00 00 00 00 00 00 00 00 00 00 00 00 00 00 00 00 00 00 00 00 00 00 00 00 00 00 00 00 00 00 00 00 00 00 00 00 00 00 00 00 00 00 00 00 00 00 00 00 00 00 10 38 10 38 10 38 10 38 10 38 10 38 10 38 10 38 F3 7A 81 08
88 33 04 00 80 02 00 00 01 00 00 03 03 00 00 06 07 01 00 00 00 00 19 BE E6 19 19 3E E6 78 18 00 E0 E0 00 00 00 00 FC 3C F0 00 80 00 00 00 00 00 00 00 00 00 00 00 00 03 00 00 00 00 00 00 00 00 00 00 00 00 00 00 00 00 00 00 00 00 00 00 00 00 00 00 00 00 00 00 00 00 00 00 00 00 00 00 00 00 00 00 00 00 00 00 00 00 00 00 00 00 00 00 00 00 00 00 00 00 00 00 00 00 00 00 00 00 00 00 00 00 00 00 00 00 00 00 10 38 10 38 10 38 10 38 10 38 10 38 10 38 10 38 08 08 10 10 20 20 40 40 40 40 20 20 10 10 08 08 30 30 00 00 78 78 84 84 04 04 04 04 08 08 10 10 10 10 08 08 00 00 10 10 4A 4A 8A 8A 88 88 30 30 08 08 10 10 20 20 40 40 40 40 20 20 10 10 08 08 40 40 40 40 4C 4C 30 30 40 40 80 80 80 80 7C 7C 00 00 00 00 18 18 18 18 00 00 18 18 18 18 00 00 00 00 00 00 00 00 00 00 00 00 00 00 00 00 00 00 00 00 00 00 00 00 00 00 00 00 00 00 00 00 00 00 00 00 00 00 00 00 00 00 00 00 00 00 00 00 00 00 00 00 00 00 00 00 00 00 00 00 00 00 00 00 00 00 10 38 10 38 10 38 10 38 10 38 10 38 10 38 10 38 00 00 00 00 00 00 00 00 00 00 00 00 00 00 00 00 00 00 00 00 00 00 00 00 00 00 00 00 00 00 00 00 00 00 00 00 00 00 00 00 00 00 00 00 00 00 00 00 00 00 00 00 00 00 00 00 00 00 00 00 00 00 00 00 00 00 00 00 00 00 00 00 00 00 00 00 00 00 00 00 00 00 00 00 00 00 00 00 00 00 00 00 00 00 00 00 00 00 00 00 00 00 00 00 00 00 00 00 00 00 00 00 00 00 00 00 00 00 00 00 00 00 00 00 00 00 00 00 10 38 10 38 10 38 10 38 10 38 10 38 10 38 10 38 00 00 00 00 00 00 00 00 00 00 00 00 00 00 00 00 00 00 00 00 00 00 00 00 00 00 00 00 00 00 00 00 00 00 00 00 00 00 00 00 00 00 00 00 00 00 00 00 00 00 00 00 00 00 00 00 00 00 00 00 00 00 00 00 00 00 00 00 00 00 00 00 00 00 00 00 00 00 00 00 00 00 00 00 00 00 00 00 00 00 00 00 00 00 00 00 00 00 00 00 00 00 00 00 00 00 00 00 00 00 00 00 00 00 00 00 00 00 00 00 00 00 00 00 00 00 00 00 00 00 00 00 00 00 00 00 00 00 00 00 00 00 00 00 00 00 00 00 00 00 00 00 00 00 00 00 00 00 00 00 10 38 10 38 10 38 10 38 10 38 10 38 10 38 10 38 99 21 81 08
88 33 04 00 80 02 00 00 00 00 00 00 00 00 00 00 00 00 00 00 00 00 00 00 00 00 00 00 00 00 00 00 00 00 00 00 00 00 00 00 00 00 00 00 00 00 00 00 00 00 00 00 00 00 00 00 00 00 00 00 00 00 00 00 00 00 00 00 00 00 00 00 00 00 00 00 00 00 00 00 00 00 00 00 00 00 00 00 00 00 00 00 00 00 00 00 00 00 00 00 00 00 00 00 00 00 00 00 00 00 00 00 00 00 00 00 00 00 00 00 00 00 00 00 00 00 00 00 00 00 00 00 00 00 10 38 10 38 10 38 10 38 10 38 10 38 10 38 10 38 00 00 00 00 00 00 00 00 00 00 00 00 00 00 00 00 00 00 00 00 00 00 00 00 00 00 00 00 00 00 00 00 00 00 30 30 48 48 48 48 10 10 48 48 48 48 30 30 00 00 78 78 48 48 08 08 10 10 20 20 20 20 20 20 00 00 18 18 28 28 28 28 48 48 48 48 7C 7C 08 08 7C 7C 44 44 44 44 7C 7C 44 44 44 44 44 44 7C 7C 00 00 00 00 00 00 00 00 00 00 00 00 00 00 00 00 00 00 00 00 00 00 00 00 00 00 00 00 00 00 00 00 00 00 00 00 00 00 00 00 00 00 00 00 00 00 00 00 00 00 00 00 00 00 00 00 00 00 00 00 00 00 00 00 10 38 10 38 10 38 10 38 10 38 10 38 10 38 10 38 00 00 00 00 00 00 00 00 00 00 00 00 00 00 00 00 00 00 00 00 00 00 00 00 00 00 00 00 00 00 00 00 00 00 00 00 00 00 00 00 00 00 00 00 00 00 00 00 00 00 00 00 00 00 00 00 00 00 00 00 00 00 00 00 00 00 00 00 00 00 00 00 00 00 00 00 00 00 00 00 00 00 00 00 00 00 00 00 00 00 00 00 00 00 00 00 00 00 00 00 00 00 00 00 00 00 00 00 00 00 00 00 00 00 00 00 00 00 00 00 00 00 00 00 00 00 00 00 10 38 18 3C 0C 1F 07 0F 00 07 00 00 00 00 00 00 00 00 00 00 00 FF FF FF 00 FF 00 00 00 00 00 00 00 00 00 00 00 FF FF FF 00 FF 00 00 00 00 00 00 00 00 00 00 00 FF FF FF 00 FF 00 00 00 00 00 00 00 00 00 00 00 FF FF FF 00 FF 00 00 00 00 00 00 00 00 00 00 00 FF FF FF 00 FF 00 00 00 00 00 00 00 00 00 00 00 FF FF FF 00 FF 00 00 00 00 00 00 00 00 00 00 00 FF FF FF 00 FF 00 00 00 00 00 00 00 00 00 00 00 FF FF FF 00 FF 00 00 00 00 00 00 00 00 00 00 00 FF FF FF 00 FF 00 00 00 00 00 00 00 00 00 00 00 FF FF FF 00 FF 00 00 00 00 00 00 10 38 30 78 60 F0 C0 E0 00 C0 00 00 00 00 00 00 7A 40 81 08
88 33 04 00 80 02 00 00 00 00 00 07 07 0F 0C 1F 18 3C 10 38 10 38 00 00 00 00 00 FF FF FF 00 FF 00 00 00 00 00 00 00 00 00 00 00 FF FF FF 00 FF 00 00 00 00 00 00 00 00 00 00 00 FF FF FF 00 FF 00 00 00 00 00 00 00 00 00 00 00 FF FF FF 00 FF 00 00 00 00 00 00 00 00 00 00 00 FF FF FF 00 FF 00 00 00 00 00 00 00 00 00 00 00 FF FF FF 00 FF 00 00 00 00 00 00 00 00 00 00 00 FF FF FF 00 FF 00 00 00 00 00 00 00 00 00 00 00 FF FF FF 00 FF 00 00 00 00 00 00 00 00 00 00 00 FF FF FF 00 FF 00 00 00 00 00 00 00 00 00 00 00 FF FF FF 00 FF 00 00 00 00 00 00 00 00 00 00 00 FF FF FF 00 FF 00 00 00 00 00 00 00 00 00 00 00 FF FF FF 00 FF 00 00 00 00 00 00 00 00 00 00 00 FF FF FF 00 FF 00 00 00 00 00 00 00 00 00 00 00 FF FF FF 00 FF 00 00 00 00 00 00 00 00 00 00 00 FF FF FF 00 FF 00 00 00 00 00 00 00 00 00 00 00 FF FF FF 00 FF 00 00 00 00 00 00 00 00 00 00 00 FF FF FF 00 FF 00 00 00 00 00 00 00 00 00 00 00 FF FF FF 00 FF 00 00 00 00 00 00 00 00 00 00 00 C0 C0 E0 60 F0 30 78 10 38 10 38 10 38 10 38 10 38 10 38 10 38 10 38 10 38 10 38 00 00 00 00 00 00 00 00 00 00 00 00 00 00 00 00 00 00 00 00 00 00 00 00 00 00 00 00 00 00 00 00 00 00 00 00 00 00 00 00 00 00 00 00 00 00 00 00 00 00 00 00 00 00 00 00 00 00 00 00 00 00 00 00 00 00 00 00 00 00 00 00 00 00 00 00 00 00 00 00 00 00 00 00 00 00 00 00 00 00 00 00 00 00 00 00 00 00 00 00 00 00 00 00 00 00 00 00 00 00 00 00 00 00 00 00 00 00 00 00 00 00 00 00 00 00 00 00 00 00 00 00 00 00 00 00 00 00 00 00 00 00 00 00 00 00 00 00 00 00 00 00 00 00 00 00 00 00 00 00 00 00 00 00 00 00 00 00 00 00 00 00 00 00 00 00 00 00 00 00 00 00 00 00 00 00 00 00 00 00 00 00 00 00 00 00 00 00 00 00 00 00 00 00 00 00 00 00 00 00 00 00 00 00 00 00 00 00 00 00 00 00 00 00 00 00 00 00 00 00 00 00 00 00 00 00 00 00 00 00 00 00 00 00 00 00 00 00 00 00 00 00 00 00 00 00 00 00 00 00 00 00 00 00 00 00 00 00 00 00 00 00 00 00 00 00 00 00 00 00 00 00 00 00 00 00 00 00 10 38 10 38 10 38 10 38 10 38 10 38 10 38 10 38 D2 52 81 08
88 33 04 00 80 02 10 38 10 38 10 38 10 38 10 38 10 38 10 38 10 38 08 08 08 08 FE FE 08 08 18 18 28 28 C8 C8 18 18 00 00 20 20 20 20 38 38 24 24 20 20 20 20 20 20 00 00 70 70 02 02 02 02 72 72 02 02 04 04 78 78 00 00 00 00 72 72 02 02 02 02 02 02 04 04 78 78 00 00 7E 7E 42 42 42 42 82 82 02 02 04 04 38 38 00 00 48 48 48 48 48 48 48 48 49 49 89 89 8E 8E 00 00 FE FE 02 02 04 04 04 04 08 08 3C 3C C2 C2 00 00 00 00 00 00 00 00 00 00 00 00 00 00 00 00 00 00 00 00 00 00 00 00 00 00 00 00 00 00 00 00 00 00 00 00 00 00 00 00 00 00 00 00 00 00 00 00 00 00 00 00 00 00 00 00 00 00 00 00 00 00 00 00 00 00 00 00 00 00 00 00 00 00 00 00 00 00 00 00 00 00 00 00 00 00 00 00 00 00 00 00 00 00 00 00 00 00 00 00 00 00 00 00 00 00 00 00 00 00 00 00 00 00 00 00 00 00 00 00 00 00 00 00 00 00 00 00 00 00 00 00 00 00 00 00 00 00 00 00 00 00 00 00 00 00 00 00 00 00 00 00 00 00 00 00 00 00 00 00 00 00 00 00 00 00 00 00 00 00 00 00 00 00 00 00 10 38 10 38 10 38 10 38 10 38 10 38 10 38 10 38 10 38 10 38 10 38 10 38 10 38 10 38 10 38 10 38 00 00 00 00 00 00 00 00 00 00 00 00 00 00 00 00 00 00 00 00 00 00 00 00 00 00 00 00 00 00 00 00 00 00 00 00 00 00 00 00 00 00 00 00 00 00 00 00 00 00 00 00 00 00 00 00 00 00 00 00 00 00 00 00 00 00 00 00 00 00 00 00 00 00 00 00 00 00 00 00 00 00 00 00 00 00 00 00 00 00 00 00 00 00 00 00 00 00 00 00 00 00 00 00 00 00 00 00 00 00 00 00 00 00 00 00 00 00 00 00 00 00 00 00 00 00 00 00 00 00 00 00 00 00 00 00 00 00 00 00 00 00 00 00 00 00 00 00 00 00 00 00 00 00 00 00 00 00 00 00 00 00 00 00 00 00 00 00 00 00 00 00 00 00 00 00 00 00 00 00 00 00 00 00 00 00 00 00 00 00 00 00 00 00 00 00 00 00 00 00 00 00 00 00 00 00 00 00 00 00 00 00 00 00 00 00 00 00 00 00 00 00 00 00 00 00 00 00 00 00 00 00 00 00 00 00 00 00 00 00 00 00 00 00 00 00 00 00 00 00 00 00 00 00 00 00 00 00 00 00 00 00 00 00 00 00 00 00 00 00 00 00 00 00 00 00 00 00 00 00 00 00 00 00 00 00 00 00 10 38 10 38 10 38 10 38 10 38 10 38 10 38 10 38 3A 21 81 0C
88 33 04 00 80 02 10 38 10 38 10 38 10 38 10 38 10 38 10 38 10 38 04 04 04 04 04 04 34 34 08 08 0C 0C 12 12 60 60 00 00 FE FE 02 02 04 04 04 04 08 08 3C 3C C2 C2 00 00 00 00 00 00 00 00 00 00 00 00 00 00 00 00 00 00 00 00 00 00 00 00 00 00 00 00 00 00 00 00 00 00 00 00 00 00 00 00 00 00 00 00 00 00 00 00 00 00 00 00 00 00 00 00 00 00 00 00 00 00 00 00 00 00 00 00 00 00 00 00 00 00 00 00 00 00 00 00 00 00 00 00 00 00 00 00 00 00 00 00 00 00 00 00 00 00 00 00 00 00 00 00 00 00 00 00 00 00 00 00 00 00 00 00 00 00 00 00 00 00 00 00 00 00 00 00 00 00 00 00 00 00 00 00 00 00 00 00 00 00 00 00 00 00 00 00 00 00 00 00 00 00 00 00 00 00 00 00 00 00 00 00 00 00 00 00 00 00 00 00 00 00 00 00 00 00 00 00 00 00 00 00 00 00 00 00 00 00 00 00 00 00 00 00 00 00 00 00 00 00 00 00 00 00 00 00 00 00 00 00 00 00 00 00 00 00 00 00 00 00 00 00 00 00 00 00 00 00 00 00 00 00 00 00 00 00 00 00 00 00 00 00 00 00 00 00 00 00 00 00 00 00 00 00 10 38 10 38 10 38 10 38 10 38 10 38 10 38 10 38 10 38 10 38 10 38 10 38 10 38 10 38 10 38 10 38 00 00 00 00 00 00 00 00 00 00 00 00 00 00 00 00 00 00 00 00 00 00 00 00 00 00 00 00 00 00 00 00 00 00 00 00 00 00 00 00 00 00 00 00 00 00 00 00 00 00 00 00 00 00 00 00 00 00 00 00 00 00 00 00 00 00 00 00 00 00 00 00 00 00 00 00 00 00 00 00 00 00 00 00 00 00 00 00 00 00 00 00 00 00 00 00 00 00 00 00 00 00 00 00 00 00 00 00 00 00 00 00 00 00 00 00 00 00 00 00 00 00 00 00 00 00 00 00 00 00 00 00 00 00 00 00 00 00 00 00 00 00 00 00 00 00 00 00 00 00 00 00 00 00 00 00 00 00 00 00 00 00 00 00 00 00 00 00 00 00 00 00 00 00 00 00 00 00 00 00 00 00 00 00 00 00 00 00 00 00 00 00 00 00 00 00 00 00 00 00 00 00 00 00 00 00 00 00 00 00 00 00 00 00 00 00 00 00 00 00 00 00 00 00 00 00 00 00 00 00 00 00 00 00 00 00 00 00 00 00 00 00 00 00 00 00 00 00 00 00 00 00 00 00 00 00 00 00 00 00 00 00 00 00 00 00 00 00 00 00 00 00 00 00 00 00 00 00 00 00 00 00 00 00 00 00 00 00 10 38 10 38 10 38 10 38 10 38 10 38 10 38 10 38 2E 0F 81 0C
88 33 04 00 80 02 10 38 10 38 10 38 10 38 10 38 10 38 10 38 10 38 00 00 00 00 00 00 00 00 00 00 00 00 00 00 00 00 00 00 00 00 00 00 00 00 00 00 00 00 00 00 00 00 00 00 00 00 00 00 00 00 00 00 00 00 00 00 00 00 00 00 00 00 00 00 00 00 00 00 00 00 00 00 00 00 00 00 00 00 00 00 00 00 00 00 00 00 00 00 00 00 00 00 00 00 00 00 00 00 00 00 00 00 00 00 00 00 00 00 00 00 00 00 00 00 00 00 00 00 00 00 00 00 00 00 00 00 00 00 00 00 00 00 00 00 00 00 00 00 00 00 00 00 00 00 00 00 00 00 00 00 00 00 00 00 00 00 00 00 00 00 00 00 00 00 00 00 00 00 00 00 00 00 00 00 00 00 00 00 00 00 00 00 00 00 00 00 00 00 00 00 00 00 00 00 00 00 00 00 00 00 00 00 00 00 00 00 00 00 00 00 00 00 00 00 00 00 00 00 00 00 00 00 00 00 00 00 00 00 00 00 00 00 00 00 00 00 00 00 00 00 00 00 00 00 00 00 00 00 00 00 00 00 00 00 00 00 00 00 00 00 00 00 00 00 00 00 00 00 00 00 00 00 00 00 00 00 00 00 00 00 00 00 00 00 00 00 00 00 00 00 00 00 00 00 00 00 00 00 10 38 10 38 10 38 10 38 10 38 10 38 10 38 10 38 10 38 18 3C 0C 1F 07 0F 00 07 00 00 00 00 00 00 00 00 00 00 00 FF FF FF 00 FF 00 00 00 00 00 00 00 00 00 00 00 FF FF FF 00 FF 00 00 00 00 00 00 00 00 00 00 00 FF FF FF 00 FF 00 00 00 00 00 00 00 00 00 00 00 FF FF FF 00 FF 00 00 00 00 00 00 00 00 00 00 00 FF FF FF 00 FF 00 00 00 00 00 00 00 00 00 00 00 FF FF FF 00 FF 00 00 00 00 00 00 00 00 00 00 00 FF FF FF 00 FF 00 00 00 00 00 00 00 00 00 00 00 FF FF FF 00 FF 00 00 00 00 00 00 00 00 00 00 00 FF FF FF 00 FF 00 00 00 00 00 00 00 00 00 00 00 FF FF FF 00 FF 00 00 00 00 00 00 00 00 00 00 00 FF FF FF 00 FF 00 00 00 00 00 00 00 00 00 00 00 FF FF FF 00 FF 00 00 00 00 00 00 00 00 00 00 00 FF FF FF 00 FF 00 00 00 00 00 00 00 00 00 00 00 FF FF FF 00 FF 00 00 00 00 00 00 00 00 00 00 00 FF FF FF 00 FF 00 00 00 00 00 00 00 00 00 00 00 FF FF FF 00 FF 00 00 00 00 00 00 00 00 00 00 00 FF FF FF 00 FF 00 00 00 00 00 00 00 00 00 00 00 FF FF FF 00 FF 00 00 00 00 00 00 10 38 30 78 60 F0 C0 E0 00 C0 00 00 00 00 00 00 42 52 81 0C
88 33 04 00 00 00 04 00 81 0C
88 33 02 00 04 00 01 13 E4 40 3E 01 81 04

// Timed Out (Memory Waterline: 6B out of 650B)
